2.119200000000000000e+05
3.301750000000000000e+05
2.852700000000000000e+05
1.450760000000000000e+05
1.296730000000000000e+05
3.329330000000000000e+05
1.817200000000000000e+04
2.325100000000000000e+05
2.484020000000000000e+05
3.011150000000000000e+05
3.341800000000000000e+04
1.640320000000000000e+05
1.415280000000000000e+05
1.552330000000000000e+05
2.490550000000000000e+05
4.029100000000000000e+04
8.456600000000000000e+04
8.634000000000000000e+04
2.783600000000000000e+04
5.442300000000000000e+04
3.532570000000000000e+05
2.872260000000000000e+05
1.542380000000000000e+05
2.673800000000000000e+04
2.802780000000000000e+05
3.567150000000000000e+05
2.449860000000000000e+05
5.982500000000000000e+04
1.046190000000000000e+05
3.158190000000000000e+05
3.330540000000000000e+05
2.311470000000000000e+05
3.346050000000000000e+05
1.468620000000000000e+05
2.761110000000000000e+05
1.767270000000000000e+05
3.505430000000000000e+05
1.954840000000000000e+05
2.073590000000000000e+05
3.638530000000000000e+05
5.904700000000000000e+04
1.153080000000000000e+05
1.274280000000000000e+05
2.432800000000000000e+05
2.320400000000000000e+05
2.466740000000000000e+05
6.070000000000000000e+04
3.395410000000000000e+05
2.843510000000000000e+05
1.161150000000000000e+05
2.430580000000000000e+05
2.479510000000000000e+05
1.482600000000000000e+05
7.153800000000000000e+04
1.469340000000000000e+05
2.576000000000000000e+03
1.073100000000000000e+04
2.813360000000000000e+05
1.200200000000000000e+05
1.021460000000000000e+05
8.923400000000000000e+04
1.294850000000000000e+05
2.103390000000000000e+05
2.237390000000000000e+05
3.048120000000000000e+05
3.437530000000000000e+05
1.929900000000000000e+05
3.635990000000000000e+05
1.365690000000000000e+05
2.814900000000000000e+04
1.439080000000000000e+05
4.015100000000000000e+04
4.484200000000000000e+04
9.172400000000000000e+04
3.067560000000000000e+05
2.364600000000000000e+05
3.658590000000000000e+05
1.153700000000000000e+05
3.035800000000000000e+05
7.216000000000000000e+04
3.302570000000000000e+05
2.249170000000000000e+05
2.081990000000000000e+05
1.410610000000000000e+05
2.285550000000000000e+05
9.300700000000000000e+04
3.309940000000000000e+05
2.237920000000000000e+05
7.069400000000000000e+04
3.231780000000000000e+05
3.632780000000000000e+05
2.494690000000000000e+05
1.490630000000000000e+05
5.658400000000000000e+04
1.812880000000000000e+05
5.733000000000000000e+03
2.366100000000000000e+05
2.943900000000000000e+05
1.543180000000000000e+05
1.852040000000000000e+05
3.307530000000000000e+05
5.865700000000000000e+04
3.926300000000000000e+04
2.652590000000000000e+05
4.898800000000000000e+04
2.269920000000000000e+05
1.719560000000000000e+05
3.062010000000000000e+05
5.019400000000000000e+04
5.274100000000000000e+04
8.466900000000000000e+04
2.077890000000000000e+05
8.305600000000000000e+04
1.912880000000000000e+05
1.079900000000000000e+05
7.169500000000000000e+04
4.191000000000000000e+04
6.074000000000000000e+04
1.632600000000000000e+04
1.793270000000000000e+05
1.780090000000000000e+05
2.840570000000000000e+05
2.415000000000000000e+04
2.938790000000000000e+05
1.440000000000000000e+05
1.360800000000000000e+04
2.868620000000000000e+05
3.054990000000000000e+05
3.600640000000000000e+05
2.178760000000000000e+05
9.346700000000000000e+04
5.799200000000000000e+04
2.030900000000000000e+04
3.853000000000000000e+03
2.188950000000000000e+05
1.776800000000000000e+05
1.848200000000000000e+04
3.151020000000000000e+05
2.093350000000000000e+05
2.671060000000000000e+05
2.510430000000000000e+05
1.865470000000000000e+05
2.856970000000000000e+05
1.249470000000000000e+05
1.328560000000000000e+05
3.140750000000000000e+05
2.695070000000000000e+05
1.420180000000000000e+05
1.746020000000000000e+05
9.453600000000000000e+04
2.266420000000000000e+05
3.089250000000000000e+05
1.835470000000000000e+05
2.779100000000000000e+05
1.970430000000000000e+05
8.835500000000000000e+04
2.808130000000000000e+05
1.684180000000000000e+05
3.473600000000000000e+04
8.798000000000000000e+04
1.200890000000000000e+05
1.481600000000000000e+04
3.166010000000000000e+05
2.576420000000000000e+05
2.642960000000000000e+05
7.823000000000000000e+04
3.070880000000000000e+05
2.413560000000000000e+05
3.479530000000000000e+05
1.175790000000000000e+05
1.766370000000000000e+05
3.368200000000000000e+05
2.899160000000000000e+05
2.912120000000000000e+05
8.501500000000000000e+04
2.598400000000000000e+04
1.787870000000000000e+05
2.663880000000000000e+05
9.793100000000000000e+04
1.480920000000000000e+05
9.704700000000000000e+04
1.865050000000000000e+05
1.085420000000000000e+05
7.547000000000000000e+03
1.938070000000000000e+05
1.452110000000000000e+05
3.220800000000000000e+04
1.049950000000000000e+05
2.142030000000000000e+05
2.991070000000000000e+05
4.108600000000000000e+04
1.587420000000000000e+05
8.791100000000000000e+04
2.150550000000000000e+05
2.697020000000000000e+05
2.523700000000000000e+05
3.131800000000000000e+04
1.171130000000000000e+05
3.414370000000000000e+05
1.663520000000000000e+05
5.971200000000000000e+04
2.413040000000000000e+05
3.617680000000000000e+05
8.055800000000000000e+04
1.401940000000000000e+05
1.738120000000000000e+05
6.038300000000000000e+04
2.139850000000000000e+05
1.395820000000000000e+05
1.183440000000000000e+05
3.541540000000000000e+05
3.089020000000000000e+05
3.388490000000000000e+05
2.783090000000000000e+05
2.202600000000000000e+04
3.512470000000000000e+05
1.566330000000000000e+05
2.451530000000000000e+05
2.593400000000000000e+05
1.476970000000000000e+05
2.358500000000000000e+05
2.104090000000000000e+05
2.416730000000000000e+05
1.529370000000000000e+05
2.253560000000000000e+05
3.482730000000000000e+05
2.766080000000000000e+05
2.801080000000000000e+05
2.041790000000000000e+05
7.300000000000000000e+03
2.840020000000000000e+05
7.021800000000000000e+04
2.128010000000000000e+05
2.814360000000000000e+05
1.337390000000000000e+05
1.557280000000000000e+05
1.924800000000000000e+05
1.316620000000000000e+05
1.418950000000000000e+05
3.128360000000000000e+05
1.195360000000000000e+05
3.105200000000000000e+04
1.414610000000000000e+05
2.966950000000000000e+05
1.315680000000000000e+05
1.974480000000000000e+05
5.567600000000000000e+04
5.287700000000000000e+04
1.193000000000000000e+04
3.303130000000000000e+05
1.255950000000000000e+05
2.111600000000000000e+05
2.697790000000000000e+05
1.459710000000000000e+05
3.365270000000000000e+05
8.317500000000000000e+04
2.370730000000000000e+05
3.028190000000000000e+05
3.064220000000000000e+05
2.913090000000000000e+05
1.212440000000000000e+05
4.444800000000000000e+04
3.337710000000000000e+05
6.626800000000000000e+04
1.459740000000000000e+05
2.978490000000000000e+05
1.422950000000000000e+05
2.488470000000000000e+05
3.534850000000000000e+05
2.934500000000000000e+05
1.438880000000000000e+05
2.145990000000000000e+05
2.528240000000000000e+05
3.683410000000000000e+05
3.100490000000000000e+05
5.797400000000000000e+04
2.628300000000000000e+05
7.699400000000000000e+04
7.060500000000000000e+04
8.885900000000000000e+04
1.729710000000000000e+05
1.721430000000000000e+05
9.128600000000000000e+04
1.110830000000000000e+05
2.414890000000000000e+05
1.810340000000000000e+05
2.451220000000000000e+05
2.384400000000000000e+04
6.612800000000000000e+04
2.798290000000000000e+05
8.053400000000000000e+04
1.064270000000000000e+05
1.884900000000000000e+05
3.599330000000000000e+05
1.901480000000000000e+05
8.028400000000000000e+04
2.458720000000000000e+05
1.185120000000000000e+05
2.450250000000000000e+05
6.631000000000000000e+04
7.133000000000000000e+04
1.221400000000000000e+04
2.398180000000000000e+05
2.538780000000000000e+05
9.148800000000000000e+04
3.300000000000000000e+03
3.413000000000000000e+03
1.155260000000000000e+05
2.318580000000000000e+05
7.512800000000000000e+04
2.633490000000000000e+05
2.041800000000000000e+05
2.070490000000000000e+05
1.914350000000000000e+05
3.336060000000000000e+05
3.255960000000000000e+05
3.428550000000000000e+05
2.326370000000000000e+05
2.818400000000000000e+04
3.594610000000000000e+05
4.170400000000000000e+04
8.134400000000000000e+04
1.020340000000000000e+05
3.067790000000000000e+05
1.189230000000000000e+05
3.599180000000000000e+05
1.123400000000000000e+04
1.828350000000000000e+05
3.266700000000000000e+04
3.241340000000000000e+05
1.098100000000000000e+05
1.743360000000000000e+05
7.282300000000000000e+04
1.563570000000000000e+05
1.251910000000000000e+05
2.990640000000000000e+05
1.573370000000000000e+05
2.514780000000000000e+05
2.010900000000000000e+05
1.077880000000000000e+05
6.907700000000000000e+04
2.278910000000000000e+05
3.286130000000000000e+05
2.684080000000000000e+05
4.280000000000000000e+02
2.637300000000000000e+05
3.159620000000000000e+05
2.315200000000000000e+04
2.363000000000000000e+05
6.601700000000000000e+04
3.269860000000000000e+05
1.236620000000000000e+05
2.608820000000000000e+05
2.519880000000000000e+05
2.680710000000000000e+05
1.591030000000000000e+05
7.285800000000000000e+04
1.308210000000000000e+05
3.663330000000000000e+05
2.801340000000000000e+05
2.841200000000000000e+04
3.449820000000000000e+05
8.181000000000000000e+03
1.476180000000000000e+05
7.012300000000000000e+04
1.670130000000000000e+05
4.337600000000000000e+04
3.396840000000000000e+05
2.949220000000000000e+05
1.645980000000000000e+05
7.568300000000000000e+04
1.263870000000000000e+05
3.160420000000000000e+05
1.478620000000000000e+05
6.980400000000000000e+04
2.251100000000000000e+04
2.452180000000000000e+05
5.454400000000000000e+04
1.391180000000000000e+05
2.215470000000000000e+05
2.314560000000000000e+05
6.152700000000000000e+04
3.079330000000000000e+05
3.438100000000000000e+04
2.660320000000000000e+05
2.440500000000000000e+04
1.881800000000000000e+05
3.536070000000000000e+05
3.574650000000000000e+05
1.000290000000000000e+05
3.139210000000000000e+05
3.524830000000000000e+05
5.732000000000000000e+04
3.642860000000000000e+05
2.844310000000000000e+05
6.452500000000000000e+04
1.405350000000000000e+05
2.273200000000000000e+05
5.386000000000000000e+03
1.326920000000000000e+05
1.549360000000000000e+05
1.892680000000000000e+05
1.102970000000000000e+05
2.743190000000000000e+05
3.070620000000000000e+05
1.060960000000000000e+05
4.133100000000000000e+04
3.150700000000000000e+05
3.570440000000000000e+05
2.655170000000000000e+05
2.442780000000000000e+05
5.193600000000000000e+04
3.648460000000000000e+05
2.594810000000000000e+05
3.182590000000000000e+05
2.129660000000000000e+05
5.691200000000000000e+04
1.283050000000000000e+05
1.653130000000000000e+05
3.629690000000000000e+05
2.469260000000000000e+05
1.751800000000000000e+04
1.650990000000000000e+05
2.694600000000000000e+04
3.376680000000000000e+05
2.857000000000000000e+05
1.940020000000000000e+05
2.204190000000000000e+05
3.350640000000000000e+05
3.196520000000000000e+05
2.835270000000000000e+05
2.680190000000000000e+05
3.270850000000000000e+05
2.139900000000000000e+05
1.363920000000000000e+05
1.752120000000000000e+05
4.461800000000000000e+04
1.982650000000000000e+05
7.836200000000000000e+04
9.628800000000000000e+04
2.607010000000000000e+05
3.294380000000000000e+05
1.483740000000000000e+05
1.980740000000000000e+05
2.028230000000000000e+05
2.188550000000000000e+05
7.366800000000000000e+04
2.016800000000000000e+05
5.438400000000000000e+04
2.314920000000000000e+05
1.934000000000000000e+04
7.347700000000000000e+04
3.530710000000000000e+05
1.540900000000000000e+05
2.504820000000000000e+05
2.529800000000000000e+04
3.147500000000000000e+04
6.437700000000000000e+04
9.828100000000000000e+04
2.701050000000000000e+05
2.834750000000000000e+05
3.524890000000000000e+05
1.860080000000000000e+05
1.114380000000000000e+05
3.411910000000000000e+05
8.776600000000000000e+04
1.088460000000000000e+05
2.266440000000000000e+05
2.326590000000000000e+05
1.940110000000000000e+05
2.533790000000000000e+05
1.686690000000000000e+05
1.993250000000000000e+05
2.354500000000000000e+04
2.726740000000000000e+05
7.876200000000000000e+04
1.134360000000000000e+05
1.265300000000000000e+05
9.997900000000000000e+04
2.777300000000000000e+04
7.078400000000000000e+04
2.902500000000000000e+04
5.076000000000000000e+03
2.128860000000000000e+05
2.049000000000000000e+04
2.595960000000000000e+05
2.178640000000000000e+05
5.028500000000000000e+04
3.210830000000000000e+05
3.554320000000000000e+05
3.227900000000000000e+05
3.022510000000000000e+05
1.845700000000000000e+05
6.548500000000000000e+04
2.211350000000000000e+05
6.292900000000000000e+04
7.623600000000000000e+04
2.668090000000000000e+05
2.678330000000000000e+05
3.257570000000000000e+05
8.537300000000000000e+04
3.276450000000000000e+05
1.011420000000000000e+05
1.473900000000000000e+04
1.402500000000000000e+05
7.150400000000000000e+04
5.256200000000000000e+04
2.238240000000000000e+05
2.939100000000000000e+05
2.670500000000000000e+05
5.528700000000000000e+04
3.250710000000000000e+05
2.263410000000000000e+05
1.966630000000000000e+05
1.674920000000000000e+05
4.934700000000000000e+04
2.779850000000000000e+05
1.814820000000000000e+05
2.829060000000000000e+05
3.211750000000000000e+05
3.654290000000000000e+05
3.119690000000000000e+05
1.285190000000000000e+05
2.874190000000000000e+05
7.129300000000000000e+04
1.866550000000000000e+05
2.457360000000000000e+05
3.324410000000000000e+05
3.177730000000000000e+05
3.116590000000000000e+05
2.807250000000000000e+05
2.633600000000000000e+04
3.280980000000000000e+05
5.449000000000000000e+03
2.354040000000000000e+05
2.946490000000000000e+05
2.023430000000000000e+05
2.487860000000000000e+05
2.649080000000000000e+05
4.077800000000000000e+04
2.487650000000000000e+05
6.339500000000000000e+04
4.901200000000000000e+04
2.353500000000000000e+05
2.348760000000000000e+05
1.445250000000000000e+05
5.612800000000000000e+04
6.651100000000000000e+04
2.657870000000000000e+05
3.059840000000000000e+05
1.395690000000000000e+05
2.592660000000000000e+05
1.643880000000000000e+05
2.874090000000000000e+05
3.161650000000000000e+05
7.466300000000000000e+04
3.571540000000000000e+05
3.053470000000000000e+05
4.219700000000000000e+04
5.406500000000000000e+04
3.389280000000000000e+05
2.786470000000000000e+05
1.050320000000000000e+05
1.920620000000000000e+05
3.046310000000000000e+05
5.963900000000000000e+04
2.238950000000000000e+05
1.222080000000000000e+05
4.144100000000000000e+04
2.623910000000000000e+05
3.714900000000000000e+04
1.200980000000000000e+05
3.429200000000000000e+05
1.204510000000000000e+05
2.819270000000000000e+05
4.485500000000000000e+04
1.465320000000000000e+05
4.547300000000000000e+04
8.630000000000000000e+04
7.495500000000000000e+04
2.061640000000000000e+05
2.194910000000000000e+05
5.793800000000000000e+04
9.326300000000000000e+04
1.621220000000000000e+05
2.009680000000000000e+05
3.060000000000000000e+05
8.088200000000000000e+04
2.375740000000000000e+05
1.459640000000000000e+05
2.393480000000000000e+05
1.599280000000000000e+05
2.955560000000000000e+05
3.689880000000000000e+05
3.192370000000000000e+05
2.602470000000000000e+05
2.423600000000000000e+05
1.135630000000000000e+05
2.109970000000000000e+05
1.341640000000000000e+05
3.160400000000000000e+05
1.159460000000000000e+05
4.499900000000000000e+04
2.455870000000000000e+05
1.848970000000000000e+05
1.839800000000000000e+05
3.066430000000000000e+05
3.417360000000000000e+05
9.366300000000000000e+04
5.819400000000000000e+04
7.452800000000000000e+04
2.661730000000000000e+05
7.401400000000000000e+04
5.111600000000000000e+04
3.436000000000000000e+03
7.064500000000000000e+04
9.613500000000000000e+04
2.583020000000000000e+05
1.742880000000000000e+05
2.678950000000000000e+05
4.660700000000000000e+04
1.749640000000000000e+05
2.882500000000000000e+04
2.369790000000000000e+05
3.504800000000000000e+04
2.146750000000000000e+05
1.803130000000000000e+05
1.940360000000000000e+05
1.549960000000000000e+05
6.730700000000000000e+04
5.905100000000000000e+04
1.387140000000000000e+05
1.311260000000000000e+05
2.355360000000000000e+05
8.407800000000000000e+04
5.590900000000000000e+04
2.119970000000000000e+05
3.288200000000000000e+05
3.114830000000000000e+05
3.492190000000000000e+05
1.044830000000000000e+05
7.422900000000000000e+04
4.131000000000000000e+03
3.477480000000000000e+05
8.564100000000000000e+04
6.335600000000000000e+04
2.324740000000000000e+05
1.454400000000000000e+05
2.227200000000000000e+05
1.303880000000000000e+05
7.750900000000000000e+04
1.878130000000000000e+05
2.195850000000000000e+05
2.089360000000000000e+05
1.004520000000000000e+05
2.799700000000000000e+04
9.400700000000000000e+04
1.512260000000000000e+05
1.306520000000000000e+05
6.745600000000000000e+04
2.069830000000000000e+05
5.705700000000000000e+04
1.313800000000000000e+05
1.914170000000000000e+05
2.794070000000000000e+05
2.652000000000000000e+05
3.224400000000000000e+04
1.094590000000000000e+05
3.371290000000000000e+05
3.292140000000000000e+05
2.088090000000000000e+05
1.855470000000000000e+05
7.957800000000000000e+04
2.601000000000000000e+05
1.199080000000000000e+05
2.003210000000000000e+05
2.960000000000000000e+04
3.003070000000000000e+05
1.401320000000000000e+05
1.810650000000000000e+05
2.512100000000000000e+05
2.073620000000000000e+05
1.143200000000000000e+05
1.568000000000000000e+04
6.313800000000000000e+04
1.123800000000000000e+04
1.756710000000000000e+05
3.176210000000000000e+05
3.164600000000000000e+05
8.629300000000000000e+04
1.864040000000000000e+05
2.072970000000000000e+05
3.756900000000000000e+04
1.391730000000000000e+05
6.029800000000000000e+04
2.585520000000000000e+05
3.132930000000000000e+05
3.998100000000000000e+04
2.338210000000000000e+05
1.738400000000000000e+04
3.036140000000000000e+05
1.109040000000000000e+05
2.827310000000000000e+05
3.120150000000000000e+05
3.433750000000000000e+05
1.368170000000000000e+05
3.647420000000000000e+05
1.913650000000000000e+05
7.699300000000000000e+04
1.826810000000000000e+05
3.216060000000000000e+05
3.596600000000000000e+05
2.802400000000000000e+05
2.806450000000000000e+05
1.055270000000000000e+05
1.707770000000000000e+05
3.035190000000000000e+05
2.132920000000000000e+05
2.138180000000000000e+05
3.320510000000000000e+05
3.208600000000000000e+04
1.672020000000000000e+05
3.342440000000000000e+05
2.126800000000000000e+05
2.747390000000000000e+05
3.336740000000000000e+05
1.984850000000000000e+05
1.791600000000000000e+05
2.553200000000000000e+04
1.355470000000000000e+05
8.878900000000000000e+04
3.312750000000000000e+05
6.256700000000000000e+04
2.632470000000000000e+05
1.450470000000000000e+05
3.325790000000000000e+05
8.281800000000000000e+04
1.453070000000000000e+05
1.348180000000000000e+05
3.607280000000000000e+05
2.123250000000000000e+05
2.918530000000000000e+05
3.378450000000000000e+05
2.129350000000000000e+05
1.559470000000000000e+05
1.415890000000000000e+05
8.787100000000000000e+04
3.624020000000000000e+05
2.195900000000000000e+05
2.390680000000000000e+05
3.620800000000000000e+04
1.146110000000000000e+05
1.256240000000000000e+05
1.246700000000000000e+05
3.050480000000000000e+05
1.764850000000000000e+05
3.994400000000000000e+04
7.230500000000000000e+04
3.573910000000000000e+05
3.641670000000000000e+05
4.292000000000000000e+04
3.462300000000000000e+05
3.358760000000000000e+05
5.950000000000000000e+04
3.654910000000000000e+05
2.587910000000000000e+05
2.814100000000000000e+05
1.434020000000000000e+05
3.612560000000000000e+05
6.089200000000000000e+04
7.134500000000000000e+04
3.474390000000000000e+05
3.674060000000000000e+05
2.965040000000000000e+05
1.675400000000000000e+05
2.257300000000000000e+05
3.547560000000000000e+05
2.280350000000000000e+05
2.740210000000000000e+05
2.446370000000000000e+05
2.457550000000000000e+05
2.681820000000000000e+05
3.366610000000000000e+05
1.546000000000000000e+03
1.936610000000000000e+05
9.005900000000000000e+04
3.033400000000000000e+05
5.250400000000000000e+04
3.838500000000000000e+04
1.640290000000000000e+05
3.664400000000000000e+04
1.136720000000000000e+05
1.694340000000000000e+05
1.708510000000000000e+05
2.067620000000000000e+05
1.798480000000000000e+05
3.409040000000000000e+05
3.210450000000000000e+05
1.059120000000000000e+05
2.443300000000000000e+05
3.068890000000000000e+05
3.322310000000000000e+05
8.742000000000000000e+03
1.455540000000000000e+05
2.782380000000000000e+05
7.144100000000000000e+04
2.041330000000000000e+05
3.061150000000000000e+05
1.550010000000000000e+05
6.408300000000000000e+04
2.557940000000000000e+05
1.364100000000000000e+04
1.493340000000000000e+05
2.016780000000000000e+05
1.097920000000000000e+05
2.021740000000000000e+05
2.881450000000000000e+05
2.305220000000000000e+05
2.875660000000000000e+05
1.657970000000000000e+05
2.341750000000000000e+05
1.732590000000000000e+05
6.167100000000000000e+04
1.153480000000000000e+05
3.677080000000000000e+05
3.506040000000000000e+05
3.742300000000000000e+04
2.713200000000000000e+04
3.945000000000000000e+03
2.349960000000000000e+05
2.776960000000000000e+05
2.804720000000000000e+05
4.425700000000000000e+04
1.481800000000000000e+04
4.952000000000000000e+04
3.935900000000000000e+04
5.560800000000000000e+04
1.028110000000000000e+05
1.958900000000000000e+05
2.991900000000000000e+05
2.302650000000000000e+05
2.800270000000000000e+05
1.316950000000000000e+05
1.017320000000000000e+05
9.702400000000000000e+04
2.923760000000000000e+05
1.904470000000000000e+05
2.907110000000000000e+05
2.668300000000000000e+04
9.066900000000000000e+04
3.582910000000000000e+05
6.697200000000000000e+04
1.140790000000000000e+05
1.013580000000000000e+05
2.273920000000000000e+05
3.359270000000000000e+05
1.650920000000000000e+05
2.245790000000000000e+05
1.112210000000000000e+05
1.614760000000000000e+05
3.967000000000000000e+03
2.083830000000000000e+05
2.543880000000000000e+05
1.560030000000000000e+05
2.626780000000000000e+05
1.682040000000000000e+05
1.407930000000000000e+05
1.901840000000000000e+05
4.258400000000000000e+04
3.144770000000000000e+05
2.405650000000000000e+05
1.746040000000000000e+05
2.441220000000000000e+05
1.273080000000000000e+05
3.212290000000000000e+05
3.134900000000000000e+04
7.359700000000000000e+04
4.099000000000000000e+04
2.724580000000000000e+05
1.026200000000000000e+04
3.416810000000000000e+05
7.102000000000000000e+04
3.096210000000000000e+05
5.827600000000000000e+04
4.874300000000000000e+04
1.481920000000000000e+05
2.829050000000000000e+05
1.208020000000000000e+05
3.043220000000000000e+05
2.911570000000000000e+05
4.005200000000000000e+04
1.285700000000000000e+04
9.383800000000000000e+04
3.580950000000000000e+05
2.175280000000000000e+05
2.945800000000000000e+04
1.658500000000000000e+05
2.206940000000000000e+05
1.904430000000000000e+05
3.204220000000000000e+05
2.326090000000000000e+05
2.214540000000000000e+05
1.805260000000000000e+05
1.772950000000000000e+05
1.430810000000000000e+05
1.394950000000000000e+05
3.670220000000000000e+05
3.140500000000000000e+05
1.118700000000000000e+04
3.339110000000000000e+05
1.031380000000000000e+05
1.847970000000000000e+05
2.209740000000000000e+05
2.880700000000000000e+04
1.584250000000000000e+05
2.303470000000000000e+05
1.789020000000000000e+05
3.488960000000000000e+05
3.268040000000000000e+05
1.041130000000000000e+05
8.325300000000000000e+04
3.039900000000000000e+04
1.844520000000000000e+05
9.227200000000000000e+04
1.717610000000000000e+05
6.442300000000000000e+04
1.881490000000000000e+05
9.829600000000000000e+04
3.393520000000000000e+05
2.461140000000000000e+05
6.149600000000000000e+04
3.408580000000000000e+05
3.100020000000000000e+05
2.338000000000000000e+05
8.449000000000000000e+03
3.060440000000000000e+05
3.627780000000000000e+05
2.124160000000000000e+05
2.481010000000000000e+05
3.315000000000000000e+03
1.920120000000000000e+05
2.170920000000000000e+05
3.214710000000000000e+05
2.153970000000000000e+05
4.097500000000000000e+04
3.613020000000000000e+05
2.770400000000000000e+05
5.738300000000000000e+04
2.360810000000000000e+05
9.878900000000000000e+04
1.764420000000000000e+05
1.244130000000000000e+05
5.607900000000000000e+04
3.099100000000000000e+05
3.044160000000000000e+05
5.300000000000000000e+03
3.202600000000000000e+04
6.002800000000000000e+04
1.357880000000000000e+05
3.591450000000000000e+05
2.758860000000000000e+05
1.212770000000000000e+05
1.143910000000000000e+05
2.937000000000000000e+05
1.580680000000000000e+05
1.971400000000000000e+04
2.844550000000000000e+05
3.266060000000000000e+05
2.908760000000000000e+05
3.269410000000000000e+05
3.656790000000000000e+05
3.537020000000000000e+05
2.894050000000000000e+05
4.869900000000000000e+04
9.731300000000000000e+04
1.385710000000000000e+05
3.408660000000000000e+05
1.083040000000000000e+05
2.902200000000000000e+05
3.069600000000000000e+04
5.881200000000000000e+04
3.098520000000000000e+05
2.072220000000000000e+05
8.503100000000000000e+04
3.031270000000000000e+05
3.688910000000000000e+05
1.137800000000000000e+05
1.992040000000000000e+05
2.782330000000000000e+05
3.525600000000000000e+04
2.838930000000000000e+05
2.311770000000000000e+05
2.467340000000000000e+05
3.687620000000000000e+05
2.202490000000000000e+05
3.685460000000000000e+05
2.558640000000000000e+05
4.163500000000000000e+04
1.717690000000000000e+05
1.222910000000000000e+05
1.034210000000000000e+05
6.868900000000000000e+04
1.351480000000000000e+05
3.257160000000000000e+05
1.361450000000000000e+05
3.514940000000000000e+05
1.850820000000000000e+05
2.199390000000000000e+05
7.131400000000000000e+04
2.477130000000000000e+05
3.291560000000000000e+05
2.277560000000000000e+05
6.071200000000000000e+04
2.439640000000000000e+05
3.050920000000000000e+05
3.970200000000000000e+04
7.863400000000000000e+04
2.527300000000000000e+04
2.671860000000000000e+05
2.911330000000000000e+05
2.550950000000000000e+05
1.772150000000000000e+05
1.855300000000000000e+04
2.121410000000000000e+05
1.731840000000000000e+05
8.607600000000000000e+04
2.300770000000000000e+05
2.275380000000000000e+05
1.437690000000000000e+05
2.240730000000000000e+05
1.978670000000000000e+05
7.683400000000000000e+04
2.719890000000000000e+05
3.467750000000000000e+05
1.908430000000000000e+05
6.038500000000000000e+04
1.292340000000000000e+05
6.294000000000000000e+03
7.236800000000000000e+04
1.559270000000000000e+05
2.833560000000000000e+05
2.300980000000000000e+05
2.064330000000000000e+05
1.233990000000000000e+05
2.349060000000000000e+05
9.899600000000000000e+04
2.878360000000000000e+05
2.961580000000000000e+05
7.545000000000000000e+03
9.526400000000000000e+04
3.410240000000000000e+05
3.146700000000000000e+05
2.665200000000000000e+05
1.710950000000000000e+05
2.200750000000000000e+05
1.392340000000000000e+05
3.354530000000000000e+05
2.060500000000000000e+04
1.907500000000000000e+04
9.169800000000000000e+04
7.912800000000000000e+04
4.866900000000000000e+04
1.662030000000000000e+05
2.493740000000000000e+05
1.403170000000000000e+05
2.474610000000000000e+05
1.407010000000000000e+05
2.517800000000000000e+04
8.557400000000000000e+04
2.212890000000000000e+05
1.623510000000000000e+05
1.209500000000000000e+04
2.743150000000000000e+05
1.288310000000000000e+05
1.870780000000000000e+05
6.378900000000000000e+04
1.821630000000000000e+05
1.361540000000000000e+05
1.373490000000000000e+05
2.696200000000000000e+04
2.662060000000000000e+05
4.158100000000000000e+04
1.524870000000000000e+05
2.627500000000000000e+05
2.854450000000000000e+05
2.681630000000000000e+05
2.911770000000000000e+05
1.358880000000000000e+05
1.178120000000000000e+05
4.087000000000000000e+04
2.048600000000000000e+05
1.582100000000000000e+05
1.620130000000000000e+05
1.920180000000000000e+05
3.749000000000000000e+03
1.327800000000000000e+05
3.464370000000000000e+05
2.117400000000000000e+04
3.271780000000000000e+05
1.507850000000000000e+05
3.182170000000000000e+05
7.469000000000000000e+04
3.430840000000000000e+05
3.088790000000000000e+05
4.096100000000000000e+04
2.356530000000000000e+05
7.832100000000000000e+04
1.501960000000000000e+05
3.303150000000000000e+05
3.335030000000000000e+05
1.314530000000000000e+05
1.963420000000000000e+05
5.936700000000000000e+04
2.768630000000000000e+05
1.489580000000000000e+05
7.426500000000000000e+04
9.854800000000000000e+04
3.464200000000000000e+04
3.182330000000000000e+05
3.410430000000000000e+05
2.972250000000000000e+05
2.802980000000000000e+05
3.143030000000000000e+05
1.055610000000000000e+05
2.016620000000000000e+05
3.676980000000000000e+05
6.110800000000000000e+04
2.895230000000000000e+05
1.814300000000000000e+04
2.781770000000000000e+05
2.215340000000000000e+05
1.428710000000000000e+05
7.805000000000000000e+04
3.160310000000000000e+05
2.710300000000000000e+04
1.335530000000000000e+05
5.168000000000000000e+04
8.402400000000000000e+04
3.499950000000000000e+05
5.885200000000000000e+04
2.240550000000000000e+05
2.192380000000000000e+05
2.449930000000000000e+05
3.423470000000000000e+05
2.628490000000000000e+05
2.112550000000000000e+05
1.132810000000000000e+05
9.085100000000000000e+04
1.330210000000000000e+05
3.023450000000000000e+05
3.386500000000000000e+05
1.987100000000000000e+04
3.459300000000000000e+05
2.739960000000000000e+05
2.734280000000000000e+05
1.803500000000000000e+04
1.977670000000000000e+05
3.193440000000000000e+05
1.831810000000000000e+05
1.206210000000000000e+05
2.668250000000000000e+05
3.299230000000000000e+05
5.756100000000000000e+04
1.208890000000000000e+05
5.169300000000000000e+04
1.380660000000000000e+05
8.093100000000000000e+04
6.923000000000000000e+03
3.587020000000000000e+05
6.355100000000000000e+04
1.924980000000000000e+05
2.217650000000000000e+05
1.581150000000000000e+05
2.530910000000000000e+05
3.736500000000000000e+04
1.044930000000000000e+05
1.883210000000000000e+05
1.897420000000000000e+05
3.468550000000000000e+05
2.532620000000000000e+05
1.248680000000000000e+05
1.753140000000000000e+05
1.849240000000000000e+05
1.021580000000000000e+05
2.617180000000000000e+05
3.091060000000000000e+05
3.552800000000000000e+04
1.980370000000000000e+05
1.081010000000000000e+05
1.172980000000000000e+05
2.191540000000000000e+05
3.325300000000000000e+05
1.592090000000000000e+05
2.872170000000000000e+05
3.374910000000000000e+05
3.548130000000000000e+05
2.842430000000000000e+05
3.280270000000000000e+05
1.536400000000000000e+04
2.455700000000000000e+05
1.748960000000000000e+05
4.848200000000000000e+04
8.024800000000000000e+04
1.902000000000000000e+04
1.146090000000000000e+05
2.712630000000000000e+05
2.760310000000000000e+05
1.494160000000000000e+05
1.777000000000000000e+05
2.831980000000000000e+05
3.189870000000000000e+05
3.695000000000000000e+04
2.077340000000000000e+05
1.267720000000000000e+05
1.700270000000000000e+05
2.328250000000000000e+05
2.716920000000000000e+05
3.124700000000000000e+04
5.628700000000000000e+04
3.097350000000000000e+05
3.248170000000000000e+05
3.419170000000000000e+05
3.672470000000000000e+05
9.766900000000000000e+04
1.664240000000000000e+05
2.605800000000000000e+05
2.695810000000000000e+05
1.547950000000000000e+05
4.762000000000000000e+04
1.177800000000000000e+05
2.062350000000000000e+05
3.558900000000000000e+04
3.251190000000000000e+05
2.485460000000000000e+05
1.390100000000000000e+05
2.788750000000000000e+05
2.478540000000000000e+05
1.059210000000000000e+05
2.412110000000000000e+05
1.458750000000000000e+05
1.923440000000000000e+05
1.855900000000000000e+05
2.946900000000000000e+05
7.502600000000000000e+04
1.924140000000000000e+05
2.737830000000000000e+05
1.320970000000000000e+05
2.522000000000000000e+03
5.587600000000000000e+04
3.483130000000000000e+05
7.555800000000000000e+04
9.165100000000000000e+04
5.080000000000000000e+03
1.023320000000000000e+05
1.126240000000000000e+05
1.206900000000000000e+04
1.902260000000000000e+05
1.152340000000000000e+05
3.079100000000000000e+04
3.321420000000000000e+05
1.504020000000000000e+05
1.580580000000000000e+05
3.083460000000000000e+05
4.053900000000000000e+04
1.465780000000000000e+05
1.555630000000000000e+05
1.895240000000000000e+05
1.849110000000000000e+05
3.215000000000000000e+05
8.946600000000000000e+04
3.114200000000000000e+04
3.336350000000000000e+05
2.424800000000000000e+04
1.923170000000000000e+05
3.692050000000000000e+05
3.695110000000000000e+05
2.378500000000000000e+05
3.040630000000000000e+05
3.380320000000000000e+05
9.849400000000000000e+04
3.380190000000000000e+05
1.797080000000000000e+05
7.584600000000000000e+04
3.458930000000000000e+05
9.870000000000000000e+04
1.187960000000000000e+05
1.688030000000000000e+05
6.820000000000000000e+03
1.328600000000000000e+04
3.458600000000000000e+04
1.647920000000000000e+05
1.224810000000000000e+05
3.225220000000000000e+05
2.869220000000000000e+05
2.940950000000000000e+05
2.602760000000000000e+05
1.385860000000000000e+05
9.405300000000000000e+04
1.939880000000000000e+05
1.274810000000000000e+05
9.777200000000000000e+04
3.276670000000000000e+05
3.500850000000000000e+05
6.923700000000000000e+04
3.490040000000000000e+05
3.156730000000000000e+05
8.538100000000000000e+04
1.803710000000000000e+05
1.591380000000000000e+05
6.340100000000000000e+04
3.180610000000000000e+05
3.179150000000000000e+05
2.384390000000000000e+05
2.653440000000000000e+05
5.512600000000000000e+04
1.630310000000000000e+05
