392440				
739269				
250903				
676083				
669964				
696317				
484386				
151062				
382256				
216982				
508032				
310186				
294504				
42389				
498991				
557905				
413607				
394720				
507630				
425428				
262019				
599379				
674711				
180126				
111686				
363348				
235523				
307860				
726037				
686286				
787049				
31318				
79794				
441859				
773141				
572732				
99500				
314704				
265956				
595425				
248927				
717814				
110457				
128039				
33940				
206634				
186407				
124663				
79357				
787026				
315118				
42158				
437423				
45621				
66287				
705481				
512820				
372901				
292948				
383732				
490813				
649269				
88707				
35722				
611819				
50078				
117231				
289810				
255794				
534384				
125643				
420600				
477115				
491178				
427330				
769516				
450468				
380477				
90433				
329812				
36127				
401736				
712438				
490532				
311231				
557912				
29926				
98263				
764144				
196725				
510398				
97806				
276290				
192305				
85105				
731112				
185923				
273598				
816				
103691				
392914				
503673				
752788				
743312				
480014				
189290				
681544				
764889				
686301				
580855				
331590				
217260				
571895				
486135				
155327				
625684				
407880				
229233				
553490				
303224				
686731				
368542				
314453				
519457				
280087				
490883				
76251				
556225				
340029				
154482				
721301				
525256				
141918				
221686				
317764				
403520				
494396				
112840				
555397				
149789				
71338				
392332				
152362				
28699				
635299				
341079				
661461				
150087				
458549				
24629				
40044				
177423				
36145				
682237				
751196				
704321				
466206				
178782				
127723				
597597				
294249				
646970				
402433				
728604				
73496				
580138				
235424				
637669				
97633				
340210				
133998				
204850				
368212				
251012				
368838				
271254				
729650				
126119				
651056				
399093				
257832				
104368				
725718				
324173				
172925				
64840				
450946				
545796				
494216				
154225				
291870				
715239				
6475				
181554				
53957				
156539				
240212				
617476				
546961				
204943				
36007				
89260				
713425				
342494				
372360				
205923				
672116				
274302				
484376				
87227				
508856				
527819				
310840				
390238				
210114				
271921				
670138				
449021				
513406				
776734				
246083				
437654				
346377				
410415				
599167				
218569				
206445				
435205				
225045				
126597				
68420				
379128				
455976				
210533				
407236				
356587				
370781				
143538				
309082				
481078				
698952				
575995				
389921				
733445				
68982				
535249				
688970				
232878				
518793				
370778				
84176				
579100				
85814				
352807				
321628				
436238				
371674				
475003				
611166				
279878				
485351				
248963				
747631				
706548				
486378				
390030				
42177				
503723				
147320				
404795				
502393				
42591				
331432				
105878				
295731				
461401				
655201				
87275				
519080				
781905				
181496				
41073				
547551				
700123				
724003				
295599				
195803				
457153				
776526				
372843				
635435				
714515				
97848				
772784				
218978				
151214				
333319				
148390				
480306				
570706				
602790				
511151				
525243				
27892				
389549				
569352				
613485				
611282				
97017				
278546				
29000				
14347				
613934				
545330				
718454				
568599				
700392				
581819				
598658				
60353				
395319				
606968				
490625				
184298				
685997				
170476				
8447				
743110				
777950				
313496				
85385				
302731				
451782				
24169				
511313				
152185				
31271				
178386				
743598				
393086				
16678				
92272				
259204				
696934				
33414				
146800				
602601				
620606				
27638				
599918				
39671				
705290				
670438				
474735				
239619				
555209				
531960				
499632				
568458				
154526				
497436				
632243				
352910				
16291				
131202				
715378				
431289				
308118				
348323				
202896				
22978				
433287				
105672				
30754				
509371				
541385				
629014				
748653				
639835				
99044				
726661				
453189				
145619				
638819				
265266				
459967				
157943				
125028				
91233				
31454				
497456				
543297				
88063				
292711				
361480				
639115				
199526				
695035				
617611				
234561				
276653				
386369				
390974				
88023				
706710				
774160				
70571				
297102				
28959				
194564				
183362				
655222				
611210				
107667				
644228				
213952				
172832				
403729				
143814				
658180				
302781				
727776				
685190				
552971				
757785				
252161				
751300				
500767				
481368				
539616				
782417				
127698				
205265				
385912				
63256				
311920				
255803				
319896				
128540				
544101				
596579				
459185				
396348				
401527				
55420				
775897				
560849				
660087				
249557				
444951				
438378				
57605				
685955				
51594				
507815				
18683				
521278				
97662				
733097				
660974				
402508				
548534				
201898				
553551				
289527				
198575				
554662				
182682				
718654				
266821				
588519				
102650				
100448				
76657				
115925				
404390				
756007				
455959				
697209				
397659				
395048				
90305				
295235				
469171				
399774				
296149				
205813				
674773				
485349				
461259				
177632				
477598				
463459				
13500				
252625				
128333				
184504				
342227				
576576				
512243				
19134				
466675				
237796				
441022				
483943				
172546				
612432				
102215				
784238				
154267				
95785				
362025				
429176				
615041				
246084				
470342				
35983				
733779				
117209				
169745				
653067				
525001				
534				
150452				
332546				
425849				
668598				
780036				
151986				
310450				
133511				
300858				
264377				
505282				
575455				
407496				
732759				
319045				
33413				
60410				
503818				
235280				
96928				
110746				
726212				
729908				
144114				
604252				
618403				
322211				
768475				
756224				
711260				
107210				
448621				
623923				
243530				
699548				
539708				
450232				
79618				
784819				
695064				
299292				
123799				
302078				
63052				
366589				
454830				
577115				
290388				
746634				
365939				
297640				
255437				
481892				
681372				
413009				
382264				
179018				
108411				
37744				
445651				
429051				
399272				
650437				
709699				
487479				
132183				
208645				
424007				
478074				
280331				
728398				
204106				
498706				
402234				
544379				
412322				
156946				
331981				
311493				
57637				
143041				
613061				
673739				
595002				
55017				
185973				
390468				
617472				
620349				
503797				
650531				
670676				
109649				
343462				
460738				
544587				
233490				
426605				
457461				
672363				
93781				
70994				
322987				
435259				
510414				
692434				
609560				
11967				
267736				
774307				
509738				
414438				
237215				
730211				
726277				
624833				
335229				
462590				
365417				
687432				
734295				
559979				
580540				
432510				
542052				
276070				
670880				
271181				
104185				
551531				
308207				
448660				
772282				
552103				
344696				
126924				
315062				
784782				
417531				
97890				
503469				
640313				
582760				
665925				
702255				
321045				
177078				
783421				
788433				
438890				
645328				
781331				
762361				
304856				
91610				
747433				
282236				
587671				
209057				
69507				
367215				
692452				
92812				
611177				
690675				
530465				
708443				
27247				
660065				
752241				
408782				
5371				
81019				
426639				
554617				
636724				
446050				
344260				
403389				
119108				
1763				
335589				
665754				
610328				
728631				
626630				
642078				
101018				
616549				
255251				
232477				
661249				
305913				
317826				
663909				
644012				
572426				
59956				
448570				
628062				
393513				
119871				
647821				
443670				
620999				
85246				
59938				
580348				
95070				
343383				
571266				
736148				
540686				
246145				
532299				
526399				
334742				
601389				
255979				
239032				
743655				
778859				
348417				
146531				
523132				
157611				
211991				
518865				
159355				
743175				
459111				
699833				
441175				
706822				
640596				
118067				
443379				
512241				
100973				
568394				
514275				
457575				
30113				
307750				
704728				
1767				
289091				
758395				
398124				
403161				
348267				
168265				
678692				
700344				
430725				
451611				
671074				
711370				
642823				
616900				
323511				
393738				
750590				
511920				
495331				
91280				
677166				
579779				
128187				
559620				
199032				
582544				
458295				
166052				
739941				
85873				
479421				
24165				
590285				
115197				
401756				
639972				
480594				
668024				
652841				
247435				
598131				
617880				
278371				
152289				
56788				
99306				
298025				
342451				
25580				
237874				
783637				
620097				
482872				
499786				
390058				
703379				
26357				
423188				
254893				
189991				
670012				
289402				
508115				
273915				
770761				
160625				
716267				
216178				
631180				
64468				
568697				
688574				
725372				
558091				
752336				
2281				
221822				
601393				
116098				
432224				
636147				
448537				
82059				
500613				
783481				
552269				
650074				
513389				
502116				
665814				
488894				
269165				
782108				
161201				
160367				
534148				
583346				
284643				
775675				
222044				
760659				
55681				
637497				
332170				
660245				
205182				
120500				
421474				
521176				
137592				
487166				
367196				
233897				
375264				
465973				
199897				
548794				
382006				
456860				
293581				
369187				
689612				
402834				
315662				
667223				
316487				
694810				
771485				
343248				
233415				
647913				
231417				
179864				
527653				
283720				
79259				
749647				
348120				
589896				
547332				
244004				
207199				
498929				
412335				
383200				
781646				
569858				
273816				
494278				
78818				
525349				
52053				
465448				
668316				
115353				
279819				
83398				
71571				
401501				
20836				
84321				
388598				
516135				
192008				
672260				
109668				
165252				
276990				
666618				
182096				
81322				
253552				
679747				
222331				
98573				
504376				
429491				
437668				
569081				
773144				
278046				
302135				
454321				
655120				
465125				
783432				
631470				
785085				
292019				
513960				
517620				
609029				
392337				
352902				
441767				
701538				
60251				
191219				
786875				
217722				
660396				
404614				
186128				
224021				
557285				
449554				
476942				
68705				
50665				
465117				
461734				
197303				
308247				
475388				
712371				
450547				
282888				
215385				
776559				
90907				
202120				
168782				
333788				
429633				
734250				
493208				
769803				
266437				
39103				
529326				
177323				
488579				
529233				
679177				
672057				
416578				
123166				
721585				
189334				
596221				
247208				
553287				
244895				
658385				
385695				
459041				
25880				
428974				
557040				
747539				
410163				
513750				
678091				
718972				
274033				
288539				
429074				
638961				
310851				
512648				
452066				
18035				
566207				
113096				
111858				
690640				
190220				
399686				
512436				
180208				
170654				
59506				
579331				
23584				
631925				
314873				
179443				
315831				
354521				
14240				
212077				
214958				
49648				
426014				
571882				
277948				
602422				
125463				
702149				
785115				
363223				
515360				
54034				
456212				
498694				
279405				
410470				
271238				
189873				
306448				
775086				
751970				
615173				
619648				
362914				
487725				
173088				
587290				
601859				
415310				
397162				
575577				
173582				
171466				
67108				
129854				
185663				
383873				
249891				
646478				
120842				
55087				
525363				
721212				
79346				
614433				
475389				
56769				
461398				
762980				
659034				
89890				
479007				
747353				
564609				
373428				
455162				
302795				
452706				
45071				
750256				
170858				
483247				
667185				
710391				
197064				
671604				
627378				
591871				
725183				
583795				
557434				
389579				
493849				
33460				
240759				
287034				
53278				
621512				
569292				
342674				
176984				
282182				
17624				
610691				
346648				
627955				
517489				
530573				
607743				
459374				
205514				
31154				
70311				
541443				
381779				
205916				
305898				
76794				
411056				
200278				
108626				
314632				
172071				
342441				
672787				
399800				
333348				
6063				
493443				
67024				
82144				
315458				
149894				
504594				
75725				
308128				
566194				
420109				
1821				
447160				
79361				
416979				
343741				
114933				
554908				
223748				
455972				
585804				
446284				
193159				
406069				
226676				
433810				
478226				
130199				
270777				
17585				
534608				
339316				
178001				
26871				
501703				
262201				
137806				
413769				
40893				
406056				
428325				
447774				
526133				
743292				
568444				
521840				
28900				
77755				
209730				
159186				
712473				
722319				
296803				
292499				
538365				
400222				
764692				
718122				
336120				
52901				
379056				
668929				
247198				
277226				
548559				
236341				
83590				
704436				
261657				
50147				
742543				
273773				
307873				
146044				
340654				
401072				
235467				
131598				
232251				
269421				
480100				
167028				
420535				
683609				
391576				
558181				
742484				
456626				
66843				
329375				
102802				
392192				
359384				
772426				
145285				
465680				
375883				
345795				
31826				
708826				
203585				
259348				
293942				
739219				
349465				
223316				
99518				
506462				
522658				
245937				
764169				
485416				
755974				
427778				
348444				
684844				
142139				
453231				
356549				
307080				
224201				
494391				
122380				
335912				
61997				
428207				
700687				
403940				
604151				
398622				
767334				
549895				
400965				
14652				
649557				
177862				
44328				
176089				
143860				
623641				
170543				
506162				
89945				
264867				
587665				
694124				
764769				
147113				
480049				
743439				
361282				
291216				
770416				
125606				
15705				
325549				
704516				
224272				
126208				
550410				
591193				
688402				
424885				
629510				
508343				
173702				
475497				
354774				
319448				
452160				
100742				
559836				
107942				
83709				
578457				
690991				
722547				
35868				
588890				
119614				
525839				
104542				
313539				
607663				
150650				
91248				
317716				
411757				
565457				
193901				
751760				
151947				
682872				
140086				
31533				
289289				
510751				
457129				
33238				
286246				
453190				
441566				
542246				
270981				
390312				
424598				
547370				
679048				
185767				
217666				
118799				
303482				
398843				
135066				
503317				
25012				
697001				
58703				
54459				
627146				
5288				
470544				
588960				
378333				
595036				
481901				
415172				
513473				
170391				
118016				
36056				
65657				
312235				
361352				
523892				
266424				
56465				
487611				
317392				
580942				
360371				
123871				
671376				
159305				
655307				
770500				
407364				
104880				
287951				
300907				
214997				
406949				
634898				
585629				
511871				
70784				
738662				
32074				
731630				
622688				
638554				
615932				
14077				
134486				
139556				
618225				
787958				
706845				
395503				
471841				
232328				
52321				
571067				
754956				
129153				
531331				
328509				
642933				
292702				
334272				
282969				
649713				
80136				
429730				
471787				
244454				
265183				
121622				
169273				
678697				
493431				
789666				
484687				
242239				
6280				
414447				
145149				
773510				
272348				
82435				
461212				
695039				
759795				
131626				
30491				
466272				
283981				
49830				
104750				
362859				
298316				
590827				
16955				
756981				
752501				
450309				
382000				
728777				
58027				
41448				
413794				
420345				
476058				
574036				
427473				
262626				
183799				
295175				
11976				
272766				
633544				
310699				
738213				
553239				
772976				
349336				
64358				
692748				
53023				
166272				
578144				
782100				
416094				
600674				
694328				
345669				
419376				
133574				
306195				
646678				
398552				
786402				
711031				
568010				
111276				
60779				
354784				
541197				
411431				
631905				
158084				
91095				
722073				
652052				
575575				
547583				
369818				
510326				
741116				
185048				
148437				
337142				
661229				
60161				
443940				
218238				
601207				
149050				
101620				
85576				
559895				
690088				
619274				
116597				
762839				
781507				
635735				
281945				
439369				
65670				
727785				
715470				
513954				
711248				
763690				
317413				
484239				
380622				
729022				
75121				
466196				
247101				
169126				
141203				
572713				
229135				
194624				
122966				
87320				
456130				
713168				
315416				
52222				
785561				
230686				
19089				
503139				
665265				
394263				
769563				
204900				
725100				
135186				
410190				
386872				
467547				
161186				
544754				
38149				
759072				
131822				
581097				
129301				
772376				
23197				
676324				
269865				
69049				
269522				
696875				
41167				
348207				
331490				
590934				
454235				
509525				
513696				
152941				
697941				
320778				
468284				
524152				
657993				
553581				
523313				
486606				
730103				
619762				
293199				
669289				
370579				
383318				
336561				
579544				
192644				
706825				
48459				
89379				
208479				
269632				
774055				
212265				
713623				
318087				
692842				
103446				
24319				
650383				
674972				
341995				
157794				
237143				
702908				
523467				
326996				
48012				
59617				
620912				
727052				
348742				
338396				
69358				
736729				
315786				
191037				
697273				
261105				
575835				
265812				
40917				
515149				
34587				
671328				
326127				
86750				
509148				
460691				
230505				
470814				
314441				
293957				
540066				
347424				
550230			1	
264694			2	
107711			3	
583012			4	
629132			5	
711553			6	
13156			7	
193097			8	
69086			9	
92235			10	
760806			11	
663618			12	
101709			13	
731507			14	
277991			15	
589756			16	
284679			17	
633300			18	
361938			19	
118249			20	
299717			21	
732920			22	
721016			23	
258580			24	
308628			25	
385946			26	
732110			27	
578869			28	
398726			29	
637078			30	
416448			31	
127109			32	
444734			33	
271585			34	
679523			35	
614403			36	
736216			37	
773722			38	
10327			39	
744312			40	
359293			41	
687978			42	
136743			43	
541352			44	
168682			45	
137967			46	
402036			47	
71884			48	
779284			49	
202683			50	
479901			51	
440941			52	
195139			53	
300801			54	
485081			55	
66893			56	
287327			57	
388284			58	
784269			59	
589481			60	
237949			61	
482367			62	
195013			63	
755609			64	
493844			65	
579212			66	
155949			67	
578176			68	
63639			69	
473031			70	
599409			71	
330223			72	
533176			73	
259735			74	
774419			75	
728739			76	
682791			77	
659306			78	
588039			79	
565582			80	
770652			81	
46009			82	
605478			83	
574443			84	
243469			85	
198189			86	
782657			87	
485568			88	
313603			89	
224598			90	
387978			91	
727823			92	
222558			93	
384396			94	
707450			95	
42617			96	
366766			97	
733581			98	
326020			99	
271616			100	
174935			101	
548918			102	
760155			103	
316930			104	
77099			105	
471475			106	
45291			107	
250108			108	
96360			109	
223534			110	
393223			111	
36791			112	
533549			113	
283956			114	
14249			115	
532236			116	
275645			117	
222712			118	
206509			119	
777512			120	
445867			121	
132079			122	
439686			123	
661182			124	
771249			125	
625739			126	
150277			127	
698959			128	
65109			129	
453962			130	
561703			131	
482756			132	
218455			133	
157308			134	
265676			135	
490426			136	
753526			137	
587818			138	
376511			139	
23732			140	
642512			141	
36149			142	
676457			143	
573819			144	
38131			145	
561141			146	
713800			147	
571454			148	
530061			149	
424325			150	
326942			151	
415741			152	
325748			153	
227679			154	
316969			155	
363964			156	
458568			157	
73306			158	
326456			159	
417686			160	
131008			161	
420587			162	
644681			163	
580064			164	
159765			165	
632430			166	
150272			167	
171836			168	
387406			169	
305081			170	
522138			171	
99461			172	
306946			173	
661773			174	
230701			175	
19019			176	
785356			177	
449943			178	
270945			179	
67706			180	
286252			181	
691302			182	
485414			183	
479287			184	
700869			185	
459292			186	
83319			187	
59050			188	
785838			189	
170454			190	
544309			191	
722339			192	
263955			193	
535935			194	
486423			195	
444439			196	
593923			197	
521012			198	
138401			199	
327795			200	
491321			201	
606473			202	
522111			203	
3327			204	
7821			205	
464778			206	
278243			207	
680374			208	
245118			209	
557385			210	
431855			211	
548177			212	
18273			213	
657797			214	
768624			215	
405136			216	
106745			217	
360394			218	
698456			219	
375330			220	
106965			221	
261334			222	
96352			223	
435083			224	
60562			225	
771651			226	
409472			227	
622218			228	
591559			229	
169372			230	
713298			231	
153747			232	
743616			233	
682857			234	
417668			235	
407423			236	
734241			237	
402346			238	
659700			239	
422305			240	
517664			241	
491478			242	
725585			243	
383076			244	
209300			245	
222380			246	
589254			247	
64092			248	
677627			249	
351304			250	
480053			251	
429597			252	
224594			253	
158341			254	
194680			255	
307103			256	
542426			257	
534033			258	
407033			259	
206456			260	
273833			261	
588610			262	
149392			263	
374626			264	
658763			265	
374061			266	
692366			267	
470323			268	
172979			269	
158610			270	
685026			271	
655357			272	
107382			273	
306757			274	
621329			275	
223811			276	
192805			277	
529021			278	
532894			279	
235457			280	
724676			281	
502384			282	
46222			283	
761986			284	
103589			285	
334792			286	
86956			287	
733107			288	
194972			289	
486674			290	
249311			291	
106323			292	
295575			293	
726748			294	
282062			295	
437488			296	
377578			297	
177948			298	
136506			299	
315759			300	
673350			301	
152448			302	
725906			303	
755933			304	
73583			305	
770124			306	
430091			307	
633041			308	
152415			309	
384090			310	
298693			311	
234769			312	
662310			313	
623782			314	
461150			315	
146712			316	
750031			317	
678411			318	
237823			319	
313064			320	
308032			321	
348809			322	
508769			323	
260141			324	
250831			325	
83882			326	
393403			327	
3158			328	
9305			329	
298178			330	
454395			331	
387155			332	
105605			333	
479904			334	
686638			335	
606150			336	
53734			337	
560407			338	
301220			339	
721389			340	
537939			341	
296984			342	
123587			343	
130186			344	
193433			345	
456929			346	
471821			347	
625262			348	
49739			349	
19591			350	
159143			351	
30834			352	
625348			353	
767828			354	
518298			355	
143680			356	
627425			357	
225576			358	
121182			359	
255992			360	
207332			361	
525163			362	
172596			363	
132924			364	
419234			365	
378426			366	
1029			367	
706454			368	
152198			369	
75551			370	
782071			371	
526367			372	
760864			373	
683599			374	
589232			375	
322978			376	
611170			377	
477428			378	
758375			379	
780702			380	
67126			381	
785075			382	
120520			383	
638163			384	
78303			385	
464302			386	
330664			387	
372892			388	
348268			389	
595731			390	
246850			391	
33547			392	
508580			393	
47845			394	
182056			395	
64911			396	
142187			397	
495607			398	
231214			399	
138457			400	
194241			401	
82027			402	
719435			403	
8855			404	
477681			405	
386395			406	
563710			407	
132370			408	
570068			409	
54158			410	
175499			411	
457275			412	
457442			413	
459596			414	
60568			415	
474739			416	
30389			417	
420846			418	
645976			419	
322834			420	
670673			421	
274537			422	
344570			423	
485254			424	
498649			425	
510554			426	
472745			427	
345055			428	
98070			429	
256888			430	
742660			431	
529529			432	
571715			433	
462485			434	
528836			435	
218271			436	
195918			437	
159526			438	
479143			439	
184805			440	
223116			441	
4504			442	
429418			443	
448243			444	
282716			445	
558100			446	
51839			447	
405			448	
27632			449	
712938			450	
409456			451	
750639			452	
723888			453	
353561			454	
167589			455	
705005			456	
624344			457	
423155			458	
709834			459	
431815			460	
676200			461	
200563			462	
601132			463	
56249			464	
303490			465	
695506			466	
83050			467	
749035			468	
24085			469	
17333			470	
395215			471	
80919			472	
699049			473	
650553			474	
326968			475	
569072			476	
152598			477	
674238			478	
755740			479	
583965			480	
164466			481	
33198			482	
113146			483	
358080			484	
747713			485	
492886			486	
31164			487	
408309			488	
407287			489	
723981			490	
379975			491	
777216			492	
33781			493	
638037			494	
122152			495	
316623			496	
497520			497	
272620			498	
257603			499	
470857			500	
442803			501	
462703			502	
173067			503	
512691			504	
152966			505	
789044			506	
95116			507	
35763			508	
367017			509	
271624			510	
783417			511	
639034			512	
761391			513	
693300			514	
636484			515	
276652			516	
699510			517	
769920			518	
553354			519	
332567			520	
654759			521	
159629			522	
191827			523	
677163			524	
82063			525	
110206			526	
134666			527	
108815			528	
448051			529	
314707			530	
237381			531	
56079			532	
255084			533	
719343			534	
170539			535	
17698			536	
567806			537	
386558			538	
336589			539	
101024			540	
543383			541	
470768			542	
609280			543	
65375			544	
511852			545	
242237			546	
424355			547	
677878			548	
782469			549	
771699			550	
191568			551	
145073			552	
499783			553	
596207			554	
634893			555	
116613			556	
108461			557	
768772			558	
306774			559	
699017			560	
524927			561	
718120			562	
567167			563	
725120			564	
749111			565	
348452			566	
723540			567	
196431			568	
509209			569	
609695			570	
515686			571	
695026			572	
81321			573	
373789			574	
425069			575	
286567			576	
65459			577	
584853			578	
517034			579	
446951			580	
581951			581	
292459			582	
31862			583	
489496			584	
566909			585	
146826			586	
739868			587	
564180			588	
481933			589	
55588			590	
35858			591	
555633			592	
526700			593	
570263			594	
690534			595	
789381			596	
512001			597	
701819			598	
563435			599	
91789			600	
700595			601	
179133			602	
133373			603	
702429			604	
365157			605	
276299			606	
12600			607	
430357			608	
58706			609	
777231			610	
367648			611	
406233			612	
442522			613	
17860			614	
402532			615	
283919			616	
624997			617	
740755			618	
603170			619	
472333			620	
210416			621	
450235			622	
194141			623	
495148			624	
739557			625	
687818			626	
419277			627	
159316			628	
742248			629	
518912			630	
350753			631	
471900			632	
131319			633	
478972			634	
6205			635	
48392			636	
40717			637	
732707			638	
301072			639	
689529			640	
158622			641	
515935			642	
420165			643	
580703			644	
507652			645	
127871			646	
244610			647	
744441			648	
444679			649	
245783			650	
500006			651	
467142			652	
317847			653	
752746			654	
608439			655	
338516			656	
566558			657	
308703			658	
253331			659	
533281			660	
743965			661	
260146			662	
572132			663	
549469			664	
597141			665	
760352			666	
482397			667	
76735			668	
331796			669	
79745			670	
361597			671	
39690			672	
112529			673	
439734			674	
281499			675	
723923			676	
655640			677	
641428			678	
704626			679	
362066			680	
440648			681	
332133			682	
637658			683	
46960			684	
372440			685	
365631			686	
299162			687	
540901			688	
402786			689	
747627			690	
558557			691	
361959			692	
714927			693	
457090			694	
790352			695	
735948			696	
256667			697	
731867			698	
336230			699	
597274			700	
528310			701	
668683			702	
787736			703	
75167			704	
575765			705	
643513			706	
703765			707	
392693			708	
336739			709	
501258			710	
46124			711	
538069			712	
278966			713	
641638			714	
320735			715	
154559			716	
543195			717	
151353			718	
623250			719	
555110			720	
502696			721	
522912			722	
557560			723	
328256			724	
256908			725	
524988			726	
469253			727	
59019			728	
505075			729	
402017			730	
517677			731	
426850			732	
773880			733	
696884			734	
608592			735	
146528			736	
449006			737	
508536			738	
524665			739	
274373			740	
415266			741	
766548			742	
157379			743	
781665			744	
70677			745	
12199			746	
117527			747	
146585			748	
597306			749	
269494			750	
326104			751	
519483			752	
588820			753	
372597			754	
247223			755	
648877			756	
63119			757	
289747			758	
127944			759	
278786			760	
413020			761	
550839			762	
217241			763	
746351			764	
585062			765	
748472			766	
406068			767	
470699			768	
111920			769	
63151			770	
497152			771	
532343			772	
449358			773	
578200			774	
770570			775	
54453			776	
348264			777	
454571			778	
241438			779	
457909			780	
244810			781	
691488			782	
257081			783	
181375			784	
768937			785	
714592			786	
737354			787	
143053			788	
623632			789	
154416			790	
645530			791	
59733			792	
604550			793	
315992			794	
466232			795	
49331			796	
352963			797	
57224			798	
579496			799	
260147			800	
726504			801	
524368			802	
138024			803	
80103			804	
721643			805	
194178			806	
127968			807	
306214			808	
731757			809	
626622			810	
588866			811	
399061			812	
718272			813	
676181			814	
734664			815	
644298			816	
470609			817	
95802			818	
222672			819	
770810			820	
180502			821	
251926			822	
478330			823	
631268			824	
4724			825	
378220			826	
434467			827	
481021			828	
89070			829	
559408			830	
585304			831	
609524			832	
110973			833	
154935			834	
464475			835	
618395			836	
707656			837	
778553			838	
757798			839	
562082			840	
114104			841	
238938			842	
779433			843	
375788			844	
325925			845	
709991			846	
32330			847	
488741			848	
721109			849	
622096			850	
145750			851	
405570			852	
530668			853	
406406			854	
547535			855	
531618			856	
435983			857	
455692			858	
56713			859	
520999			860	
485991			861	
2235			862	
105954			863	
369517			864	
177042			865	
249006			866	
271625			867	
511472			868	
68616			869	
414603			870	
521396			871	
480716			872	
162039			873	
119664			874	
470111			875	
377440			876	
177105			877	
108039			878	
178439			879	
371479			880	
368557			881	
471108			882	
736181			883	
94408			884	
439914			885	
586490			886	
576706			887	
194389			888	
537741			889	
238282			890	
304031			891	
364352			892	
235324			893	
99973			894	
602846			895	
73980			896	
119054			897	
563948			898	
181195			899	
377681			900	
197896			901	
646790			902	
239126			903	
445100			904	
248445			905	
418886			906	
596634			907	
650291			908	
304421			909	
544033			910	
208391			911	
457355			912	
390294			913	
776632			914	
428455			915	
705056			916	
418971			917	
204438			918	
104187			919	
329943			920	
508911			921	
68111			922	
316499			923	
93590			924	
391963			925	
770846			926	
133697			927	
377088			928	
211946			929	
616590			930	
599898			931	
323093			932	
643			933	
261536			934	
581030			935	
515307			936	
516196			937	
551926			938	
122697			939	
781324			940	
642876			941	
236447			942	
193925			943	
557392			944	
467389			945	
46409			946	
699086			947	
720048			948	
65663			949	
25320			950	
8791			951	
743395			952	
263486			953	
338678			954	
513422			955	
455160			956	
88297			957	
578934			958	
360968			959	
100866			960	
502590			961	
627511			962	
281381			963	
189985			964	
509075			965	
635016			966	
673660			967	
749850			968	
739853			969	
263750			970	
562421			971	
384621			972	
339327			973	
472921			974	
398780			975	
6090			976	
123461			977	
135329			978	
74917			979	
784590			980	
670563			981	
282777			982	
779739			983	
97480			984	
416355			985	
543469			986	
145053			987	
600613			988	
73854			989	
569360			990	
203153			991	
331158			992	
134988			993	
367497			994	
292036			995	
781164			996	1
299568			997	
442883			998	
173128			999	
255707			1000	
704544			1001	
617553			1002	
425757			1003	
109486			1004	
184096			1005	
574363			1006	
25724			1007	
137057			1008	
725885			1009	
109116			1010	
762473			1011	
244465			1012	
746081			1013	
634544			1014	
307803			1015	
147283			1016	
335828			1017	
335382			1018	
163823			1019	
277120			1020	
257525			1021	
571961			1022	
132210			1023	
673692			1024	
395876			1025	
265048			1026	
91236			1027	
465938			1028	
319431			1029	
244103			1030	
641677			1031	
315836			1032	
270917			1033	4
560282			1034	
617583			1035	
510416			1036	
699634			1037	
317774			1038	
116678			1039	
737060			1040	
157914			1041	
167994			1042	
372842			1043	
553704			1044	
522964			1045	
158496			1046	
453751			1047	
606652			1048	
219045			1049	
113802			1050	
642853			1051	
370780			1052	
586100			1053	
278738			1054	
411797			1055	
462307			1056	
342715			1057	
470509			1058	
166579			1059	
79441			1060	
163727			1061	
683535			1062	
497757			1063	
641932			1064	
470475			1065	
581509			1066	
562203			1067	
45181			1068	
491661			1069	
783186			1070	9
375292			1071	
616970			1072	
569525			1073	
751260			1074	
260660			1075	
551367			1076	
522965			1077	
527788			1078	
344075			1079	
168710			1080	
386139			1081	
722447			1082	
317108			1083	
4485			1084	
118502			1085	
325433			1086	
757985			1087	
748458			1088	
737935			1089	
267429			1090	10
197529			1091	
269910			1092	
49633			1093	
189094			1094	
193327			1095	
361772			1096	
463311			1097	
19411			1098	
288090			1099	
541444			1100	
538969			1101	
418947			1102	
749451			1103	
272575			1104	
742858			1105	
87561			1106	
167496			1107	
605202			1108	
264289			1109	5
149478			1110	
248797			1111	
456377			1112	
93207			1113	
186587			1114	
423833			1115	
102404			1116	
445695			1117	
769730			1118	
134915			1119	
590384			1120	
351191			1121	
147970			1122	
38406			1123	
536868			1124	
286874			1125	
140179			1126	
187967			1127	
534721			1128	
146874			1129	
734611			1130	8
424739			1131	
291411			1132	
140457			1133	
714790			1134	
729075			1135	
585686			1136	
149032			1137	
306947			1138	
162118			1139	
