1.697629191764327269e-04
1.668753378178826699e-02
8.236282038451820942e-01
8.429325281582811247e-01
9.500669535050887404e-01
9.996099406986690417e-01
5.095747382311397455e-01
5.275146701430355467e-01
9.999101907878230611e-01
6.380141009861589607e-01
7.905880874020029259e-01
9.944990541640853499e-01
9.878402288452594604e-01
9.884506930132107572e-01
9.187579496451734329e-01
9.042547052137300811e-01
9.983808930041353502e-01
9.788079202153138203e-01
9.989487302424290283e-01
9.997161141253569916e-01
9.989863506065096432e-01
9.447986546018520837e-01
9.993954687903240375e-01
9.762091809836325185e-01
8.148367895469853517e-01
3.308132291037321759e-01
9.828755356413654276e-01
9.970727420214501313e-01
9.999603358824666888e-01
9.996688975759678852e-01
9.999873274459883943e-01
9.998468205326973557e-01
9.999510740819600452e-01
9.987808723001796452e-01
9.998943843091691042e-01
2.463755456724448650e-02
9.975496039734003118e-01
9.846543564978902374e-01
9.927584141395220385e-01
9.907601156328772474e-01
9.924240882695976040e-01
8.748141434484466572e-01
9.993305120298925370e-01
9.998057243731238719e-01
9.700939925134358655e-01
9.915879700287495435e-01
9.996043305607222873e-01
9.996428865772435390e-01
9.975899136683347157e-01
5.727775988144672148e-01
9.998431891805815708e-01
9.988284153685337285e-01
9.992820286963235432e-01
9.997148090634189188e-01
9.997481081013162019e-01
9.923099459629369790e-01
9.999481610336301562e-01
9.998480673504799299e-01
9.999236420051043073e-01
9.999092785977461428e-01
2.413890593183744271e-01
9.985283512599295586e-01
9.983409191102655678e-01
9.997157918503047913e-01
9.999627099756985826e-01
9.998585432571310827e-01
9.999046116492847913e-01
9.999831216538838108e-01
9.998633914191764616e-01
9.998169372882474981e-01
9.999457359254910749e-01
9.912719049234809399e-01
9.999495071975055271e-01
9.999766818813174973e-01
9.999663208927529467e-01
9.999242264234285971e-01
9.998482813419073967e-01
9.940813889216805199e-01
9.999798099551129305e-01
9.195953417651295814e-01
9.997494636099875098e-01
9.992856950815582895e-01
9.999628343185222867e-01
4.386818939686841778e-01
9.995803351278638171e-01
9.999427042885934425e-01
9.804993268277121254e-01
9.991534878416560295e-01
9.999849634028157297e-01
9.999986116580076301e-01
9.994314154797134808e-01
9.999591824826629116e-01
9.998546108386859865e-01
9.999416320778581335e-01
9.507999058905618472e-01
5.208653197467201165e-03
9.618973463189582906e-01
9.999827282075509638e-01
9.999271705565517809e-01
9.941210768750686766e-01
9.973574775318205798e-01
9.790788017441547364e-01
4.969649097085297729e-02
9.999075617315488218e-01
9.999867157347727131e-01
9.999592218393040799e-01
9.999359997870181926e-01
9.999550068467216724e-01
9.991123417788716488e-01
9.999558838076144651e-01
9.981824989908740786e-01
9.986123189024649349e-01
9.999739524262621915e-01
9.998145847945149045e-01
6.605208827316480513e-02
9.887312538209555024e-01
8.206010879686814752e-01
9.976910967014126497e-01
9.999570564831018471e-01
9.951654181761944162e-01
7.716290508301502094e-01
9.977565219939378283e-01
1.449984090181256728e-02
9.978746625501189182e-01
7.855956896607307893e-01
9.997569363987632851e-01
9.999222245945287302e-01
9.996610277613066087e-01
9.999625564569186720e-01
9.988385449568455421e-01
5.288723029981282769e-02
9.323559611273353198e-01
6.609604129403473527e-01
9.981104707460133341e-01
9.254722068251049205e-02
9.982763043484876864e-01
9.995737917501634762e-01
9.998518597992582801e-01
9.999096928387195549e-01
9.998943573354586167e-01
9.996981337511735566e-01
9.999151052310366605e-01
9.999651850530356656e-01
7.701474380615906945e-01
9.996394884886615761e-01
9.991692264519617117e-01
9.999580450924194786e-01
8.086693296798710406e-01
9.999425566373218999e-01
9.999068166875499930e-01
9.997324144473058727e-01
9.999762778169233313e-01
9.998776665673162478e-01
9.973495605326869462e-02
7.227377114973837502e-01
3.233187908933740085e-01
3.542142157666917229e-02
9.993997981143999398e-01
9.999397179379911904e-01
9.997490034757255950e-01
9.999866894964950514e-01
9.999432211389720493e-01
9.998502208639227229e-01
9.998805002286700327e-01
9.981572124441763227e-01
9.993991274158482430e-01
9.907742918668939192e-01
9.990472731769395320e-01
9.995948397020412157e-01
2.284844546149608635e-02
8.636453885106105677e-01
9.999527218384122174e-01
9.997694747292523720e-01
9.998319436669446114e-01
9.995802486162490563e-01
9.994133488861129955e-01
9.984942129457158311e-01
9.908429018331562643e-01
9.669529679034477576e-01
9.996192607074436687e-01
9.999175363953457518e-01
9.982147920359470961e-01
9.999794759412860001e-01
9.993944368835918635e-01
9.999566818550797986e-01
9.997870585628897411e-01
9.998243624255533923e-01
9.987037260354045820e-01
9.999596908653188843e-01
9.997368526356720242e-01
9.958072465967309217e-01
7.838019786607204331e-01
9.796510194759436851e-01
9.985810629234754821e-01
9.831772366153445075e-01
4.263569934727180488e-01
1.758837228727765448e-02
6.786427624141339043e-01
5.368726266833152572e-01
9.998891652662985630e-01
9.994866513894433702e-01
9.999339729290128709e-01
9.990350339284741477e-01
1.216364229036673572e-01
9.998811855292483175e-01
9.991942797010257005e-01
9.998479062307934484e-01
9.999620975074764440e-01
9.989285881102776266e-01
9.998817672359580078e-01
9.993029653554088565e-01
9.998006430531091171e-01
9.557494372347662415e-01
6.315745028836402541e-01
9.972712349389264430e-01
9.965257107613803012e-01
4.328816725101891703e-04
9.685504305040143480e-01
9.544890049514745956e-01
3.273912523276906184e-01
8.060373917270206023e-01
2.030328334930456835e-01
9.997746251073004187e-01
9.926483616907391117e-01
6.697623993764886263e-01
9.597005319934174272e-01
9.946388190253523387e-01
9.999362647137534088e-01
9.999710698266421893e-01
9.999192347596518315e-01
9.999611981139858718e-01
9.148713375967447714e-01
7.474431001086022652e-01
9.999611308440078394e-01
9.997486816183573932e-01
9.999532502327200811e-01
9.999574586039432500e-01
9.999674930450144217e-01
9.775489317787307009e-01
9.994399343511315426e-01
9.651468177263439197e-01
9.935265920272084994e-01
9.990790234702209283e-01
9.994161511828123512e-01
9.997775270307180939e-01
9.993958756769536489e-01
9.897964664578007277e-01
9.990059304153211528e-01
6.817781172059687034e-01
9.985771918927315305e-01
9.995862505179795576e-01
9.987676544749146679e-01
7.477955690597835048e-01
9.717586586993245956e-02
9.989361685560177451e-01
9.988639737302761334e-01
2.950019914291836520e-01
9.999655816293282484e-01
9.997465778859345731e-01
9.725145388489001563e-01
9.999956542102723667e-01
9.999371466160557054e-01
9.988043134102684295e-01
9.999989324660637502e-01
9.999939239987154505e-01
9.999823199789750205e-01
9.927205664275507990e-01
9.767494837900664306e-01
9.998589517977064522e-01
9.989999015171834307e-01
9.987853593312415734e-01
9.969668629297715468e-01
9.916625999439407924e-01
9.999587789188632003e-01
9.998701651772029519e-01
9.999482811747352207e-01
9.999566842820046819e-01
9.999819788743721238e-01
9.992963220546206005e-01
9.999809005348551105e-01
9.999900729250288389e-01
9.999569438866123816e-01
9.999868302377356022e-01
9.994855113318127371e-01
9.999639940135228722e-01
9.999544218049497557e-01
9.997496316679620465e-01
9.998064064601794865e-01
9.998997417324907433e-01
9.999728366579555550e-01
9.999053637080551615e-01
9.999445789113415861e-01
9.337839678758947937e-01
9.994162991088607617e-01
9.999331599412324412e-01
9.998440290926128293e-01
9.998867499177700457e-01
9.998034694811918088e-01
9.999641502655861602e-01
9.999852353702144425e-01
9.999116991812273536e-01
8.670410245597887089e-01
1.761975207753214978e-01
5.449267849965199195e-01
9.744451302496425216e-01
9.872060145718795088e-01
9.944336747090366524e-01
4.908884571061721269e-01
2.195117629512375809e-02
9.594141591073642727e-01
9.988678184178797492e-01
9.995456270962337353e-01
9.997068151281888193e-01
9.996800625390082073e-01
9.868124736663047569e-01
9.991199826849601617e-01
9.995606647218131524e-01
9.725365552346169062e-01
9.452870070434997718e-01
9.672933544731944222e-01
9.983915930351852097e-01
9.998987237429053376e-01
9.995592620184617916e-01
9.998237978788783176e-01
9.998996239426939381e-01
9.998183477498411298e-01
9.998841738949575397e-01
9.969720225637735966e-01
9.801306619158647315e-01
9.989066504647724498e-01
2.303341722228579008e-03
9.998884546874721169e-01
9.698872987206694773e-01
9.997253734946098813e-01
2.062170680173946447e-01
9.980057179327503913e-01
9.992246478821806832e-01
8.644643945409675734e-01
9.997648335595114011e-01
9.988642109763927746e-01
9.987611049650270134e-01
9.835756067499594746e-01
9.945753254493918671e-01
9.990326040401917851e-01
9.863791961273388198e-01
9.949410832104456093e-01
9.998647773818130080e-01
9.997661922132426993e-01
9.999662694874666968e-01
9.999993988102072739e-01
9.999672102588903488e-01
9.999264295599342711e-01
9.378699045275452617e-01
9.998959414293924208e-01
9.927142157288790791e-01
9.997737118010174839e-01
8.000110096337509358e-01
9.997618064016088324e-01
9.981507811148416787e-01
9.983487009736208284e-01
9.977820839160664868e-01
9.997903327493841141e-01
5.742628469063484342e-01
8.341278181729904206e-01
9.931807484240049444e-01
9.994856231484590126e-01
2.671540050960469377e-03
9.996877493870603981e-01
9.998115061914070179e-01
6.904860894989075515e-01
1.325453855010740034e-02
9.997638670883206569e-01
9.996228211879117920e-01
9.499580664398791230e-01
9.981835342430751545e-01
9.848859057567754816e-01
9.956072356967640147e-01
9.997989121026751302e-01
8.854547663199663354e-01
9.991347368164696929e-01
9.441695226851544165e-01
9.496468965893531955e-01
9.982854272072017032e-01
9.901869563687195619e-01
8.309431365264489111e-01
9.998978356550022317e-01
9.990681021653194938e-01
9.501943119181230912e-01
9.999722693485157965e-01
9.961295251272648255e-01
9.958597723643622945e-01
9.996840596519116495e-01
9.991741270327644253e-01
4.561407450994094948e-01
9.999744312618474851e-01
9.999237086247974027e-01
9.987321548749124034e-01
8.131980432738562525e-01
6.410728673665714306e-01
5.276739349589695260e-01
6.131530355572409885e-01
9.959206653711680790e-01
9.998019101743123027e-01
9.895065806048347623e-01
8.960109470077810556e-01
7.049827722862163082e-01
9.999355003646621665e-01
9.999665876896762784e-01
9.999710160048350671e-01
9.998774778432102384e-01
9.991787145339703358e-01
9.999674165240238777e-01
8.585571485250274026e-01
9.896669109638261963e-01
9.999946501619616512e-01
5.193803056531896001e-01
9.951523349045214850e-01
9.938585598089523243e-01
9.999841200973415001e-01
9.999720537328915526e-01
9.998311139781483892e-01
6.074650572021615680e-02
9.958758211526235193e-01
9.958059974988444640e-01
9.763135446521771232e-01
9.999223963296141049e-01
9.999784430941492941e-01
9.999687325523879400e-01
9.999484883658078527e-01
9.999604534412495083e-01
9.994765171230520773e-01
9.529662505998797162e-01
9.982994435823087098e-01
9.168051346674642096e-03
9.786858774472219080e-01
9.499671657271336889e-01
9.993754724518922883e-01
9.937195996663304998e-01
9.971645266431713450e-01
9.748585023335937239e-01
9.853978851724368715e-01
9.857953740578457857e-01
9.990469976587490475e-01
4.749353544760368528e-01
8.824625054464553253e-01
8.719531485021794204e-01
9.971776175747852911e-01
9.964083818442779350e-01
6.183196183482182473e-01
5.327857789656087473e-01
1.398791714944727094e-01
9.962790629533057052e-01
9.989210197050930606e-01
9.991939719944065157e-01
9.996443706090967218e-01
2.180101669052379454e-01
9.988614300369808019e-01
9.978470636122195314e-01
6.722700699626694698e-01
3.381459435006080316e-02
9.981278050315333106e-01
9.982135273399729281e-01
9.889599777655173618e-01
5.678355371705825494e-01
9.996368301714398941e-01
8.291690428535474222e-01
9.993324695594597573e-01
9.470341008093875468e-01
9.941418411763880414e-01
9.979127062171913032e-01
9.964414092637779996e-01
9.999580048984765268e-01
9.997752455439810060e-01
9.997567467129488961e-01
9.999151507605141820e-01
9.998670603986420380e-01
9.959700758646327090e-01
9.111247994316478138e-01
9.999196947997409657e-01
9.793876756670800710e-01
2.849447248092944803e-03
7.407366667403884053e-01
9.678351729442131735e-01
9.977329859046483174e-01
9.999309059919536669e-01
8.655629680584104868e-01
9.999514800550618476e-01
9.981459652179953679e-01
4.708648509315314923e-03
9.967042313936422815e-01
1.832955602656008987e-01
8.456782010114639592e-01
9.990815901284083589e-01
9.994465626189995566e-01
7.449073737135152307e-01
9.934355180853646772e-01
3.524591248343279110e-02
9.998152996443850915e-01
9.978735586680026470e-01
9.993676981454218122e-01
9.997794225037481830e-01
7.380743517638326257e-01
1.277539855561055371e-01
9.371949487654464006e-01
9.994167251286891762e-01
9.987727661937196855e-01
9.942580594702203900e-01
9.208265520555242167e-01
9.942425497262221690e-01
9.985574780133075201e-01
9.979644363197719414e-01
9.272593939513291694e-01
9.035777280686581037e-01
9.797035683194992295e-01
9.999480183549550594e-01
9.999985195736950105e-01
9.999473532873057735e-01
7.665413835202216086e-01
8.428126783609318773e-01
9.998843576468420258e-01
9.999770169004742471e-01
9.998986108327559963e-01
9.999517243249412823e-01
9.999259726677005577e-01
9.999980315317988921e-01
9.665613850136903773e-01
9.997473214924049723e-01
9.998575837844037029e-01
9.953629019592169502e-01
9.995359540811207255e-01
9.933492169398373539e-01
9.999232598965021035e-01
9.626660889682439048e-01
9.691207265867655130e-01
8.726528401164923565e-01
7.740613168784311604e-01
2.736298330043162585e-01
9.970056423230423404e-01
9.986060907354374905e-01
3.089209327712588715e-01
7.702634658244772448e-01
9.404085841572166204e-01
9.993242564046556087e-01
9.780350530785159036e-01
5.460506722693302395e-01
9.979088786837780889e-01
6.968475996378312720e-01
9.592925532444445125e-01
9.975625055436013744e-01
9.992477520069097396e-01
9.996726805264196658e-01
9.865789015733998912e-01
9.987565706324955661e-01
9.982838166745133801e-01
9.986818404670116944e-01
9.970200956054310337e-01
9.986482476979789968e-01
5.912955839021787341e-01
1.156533380398836082e-03
9.998090041614148271e-01
8.796765921705258506e-01
6.243252505315488587e-02
9.986246738688727698e-01
9.850019194278472057e-01
7.455258681154729450e-01
9.999529060973423311e-01
9.996663326699587460e-01
9.999664161697312537e-01
9.999982127056606940e-01
9.999798555762643426e-01
9.998283721303394822e-01
9.749482281867526412e-01
7.086892217053246679e-01
6.205926679021589454e-01
9.980986824024191684e-01
9.999804310669099250e-01
9.938718970194856395e-01
9.999849677897828526e-01
9.858858485557778772e-01
9.993783097253956527e-01
9.791777838133427503e-01
8.027666803232736958e-01
9.998907905074787550e-01
9.998801998833277693e-01
8.549751116481535407e-01
9.996523267825782044e-01
9.997909829828455219e-01
9.985153349057174221e-01
9.950809940479949933e-01
6.260491265893498580e-01
9.844466299123296738e-01
9.980326213771808508e-01
9.984699366188867220e-01
9.999290744956399468e-01
9.999730358453071677e-01
9.966432850162177948e-01
9.985019538943568085e-01
9.998312640348551161e-01
9.998817092444326482e-01
6.722756119512662831e-01
4.533273795072133572e-01
9.956539200760633479e-01
9.997701522416707620e-01
9.969647904713915265e-01
9.898562061996255546e-01
9.974176367615706917e-01
9.771369108026786154e-01
9.843222855273034977e-01
9.995409115493398833e-01
9.992814863965668870e-01
3.970786862819459251e-01
1.033207758364430850e-01
9.998975491516766123e-01
9.998728999691369745e-01
9.965848512789919900e-01
9.984586927269042400e-01
9.984199680561968160e-01
9.998462518970461232e-01
9.999368432974135024e-01
9.999882243608337884e-01
9.999141114694987120e-01
9.999422707777552155e-01
9.999253989808765120e-01
9.999802237695211149e-01
9.999268357237114380e-01
9.998647186082963989e-01
9.994622920338784855e-01
9.999712060636102295e-01
9.772608513379372752e-01
9.976005379350614266e-01
7.992164031127947377e-01
9.988744826564052159e-01
9.998143537349294396e-01
9.991877239508143438e-01
6.410801652652529103e-01
8.327313321043279259e-01
9.997463196045169864e-01
9.992495524937867746e-01
9.992879690176437180e-01
9.991680611505087128e-01
9.985301202668240839e-01
9.993050545287103237e-01
6.144041207383706960e-01
9.729447518915824711e-01
9.999875067989669741e-01
9.990610590884609898e-01
9.968202491149311673e-01
9.996652550687258332e-01
9.991183658935726131e-01
9.814992285258167248e-01
9.647421833642376710e-01
9.971430115261142868e-01
9.993563619579092228e-01
9.998109794654967963e-01
9.994573657038703374e-01
9.996927499086696312e-01
9.997933940249420504e-01
9.928538011956968834e-01
9.978931566318761659e-01
9.977910020741951325e-01
9.938052561727548362e-01
9.220884854297154432e-01
9.993904107376319068e-01
9.999893607084828773e-01
9.993986197899433765e-01
9.999507987277128640e-01
9.998240589578528681e-01
9.996714091601042185e-01
9.993383022522012160e-01
9.999828227861784491e-01
9.999486315311478801e-01
9.995589816826835339e-01
9.998297368192604617e-01
9.998913629124493996e-01
9.996934199964884193e-01
9.999599087591792834e-01
9.999724883855359847e-01
9.994901541639610310e-01
9.999730057672325811e-01
9.999943971217399863e-01
9.998381720641644765e-01
9.999696218387079671e-01
9.999215488746574509e-01
9.995623434193179335e-01
9.999704517442672413e-01
9.999712641849796135e-01
9.999628283437049792e-01
9.999792430654318443e-01
9.720780544190729122e-01
9.996533980324199264e-01
9.993745746023472432e-01
9.997640415756013921e-01
9.997513243375044656e-01
9.974134771307201497e-01
9.996893939275702801e-01
9.996784210872285970e-01
9.993352692348014266e-01
9.974177721803370034e-01
9.999011820566845454e-01
9.954848953783906884e-01
9.995662879664013456e-01
9.993908207730770599e-01
1.570172867103787062e-01
9.962853580041324264e-01
9.995337849897593108e-01
9.997594427435653186e-01
9.998191120747158545e-01
9.992173616222160826e-01
9.997254808723279318e-01
9.999277538841858659e-01
9.995181434275131060e-01
9.996187261507935018e-01
9.988295968973037731e-01
9.950812490746804295e-01
9.975885703417359807e-01
9.995696013090430432e-01
9.887797915608598220e-01
9.993311524970743820e-01
9.962374506000690744e-01
9.996803056907591634e-01
9.986449120534115487e-01
9.994427686762572538e-01
9.999164314334482162e-01
9.994950304794971707e-01
9.981189648817700988e-01
9.998871717927306779e-01
9.999878355697631171e-01
9.999765850757048602e-01
9.999901732040107349e-01
9.997759814161648606e-01
9.999564882957658885e-01
9.999501723139904152e-01
9.998343209627221784e-01
9.999844240721840194e-01
9.999445391373384950e-01
9.999401925305683170e-01
9.923149560990809359e-01
9.999921951867077885e-01
9.996626800381788192e-01
9.999841240758348127e-01
9.999747338170109634e-01
9.999843530188837759e-01
9.999931052528973074e-01
9.978472136017239036e-01
9.999925273369005829e-01
9.999875980276023979e-01
9.999099457056805917e-01
9.999696265848375676e-01
9.999683392812732663e-01
9.999908880016291635e-01
9.997975640022778165e-01
9.999648859154460778e-01
9.999803667261042417e-01
9.999495906127110478e-01
9.998939884598797567e-01
9.999820392401931324e-01
9.999925985740791834e-01
9.999517365455656837e-01
9.999640511840734991e-01
9.999503989926118441e-01
9.999959610505437801e-01
9.998904502143930451e-01
9.999814622874356740e-01
9.998946052891511949e-01
9.999383895385975940e-01
9.999814551771896154e-01
9.999642720721686473e-01
9.998885126733748629e-01
9.057722797857701291e-01
9.990175011620510137e-01
1.324443466078103204e-01
1.566034706719094671e-01
9.976765534481479847e-01
9.976321695609867701e-01
9.991718536816763807e-01
9.381773890660789483e-01
9.994530913076807854e-01
9.999284694476660018e-01
9.999940244953832158e-01
9.997632001823035797e-01
9.993822244296918234e-01
9.994816074466912337e-01
1.654247044148506318e-01
9.999328352334043712e-01
9.778951313918657906e-01
9.993011274393429622e-01
9.989656028601312521e-01
9.995769326625640883e-01
6.644187273259689608e-01
6.637206930614567568e-01
9.655787834974569606e-01
9.966726159624746950e-01
9.483633990131192792e-01
9.999487132068241024e-01
9.931383881894989551e-01
9.999784187708876670e-01
4.860082405367337488e-01
9.187551824135279377e-01
9.795196401178286605e-01
9.994338864849339199e-01
9.034011050959495082e-01
9.997311833922531976e-01
9.999744354256600021e-01
9.999074687717867116e-01
9.999495108243058317e-01
1.210013409682644380e-03
9.999451689134222221e-01
9.997318097447124297e-01
9.950178743701416639e-01
9.997297847959736306e-01
8.453385554062046170e-01
9.961005146252271958e-01
9.998926454447458756e-01
9.984723695413088018e-01
9.998537549311655726e-01
9.970668551891754827e-01
9.996348725287430570e-01
9.950308442069205617e-01
9.996852522651455963e-01
9.996550993805024543e-01
9.984622672962173429e-01
9.994200678456371945e-01
9.986351523441523437e-01
9.996875591386502613e-01
9.990918083199052946e-01
9.984306253052296354e-01
9.951865197429784482e-01
9.998802651584128842e-01
9.995907843028986051e-01
9.996644014206945705e-01
9.998095770992548870e-01
9.996530256751835486e-01
8.472533220272320253e-01
9.996728963890024744e-01
9.958533884577763784e-01
9.999067094884594997e-01
9.998908010395289869e-01
9.999854756560587754e-01
9.998257880429166633e-01
9.998994384267081426e-01
9.997753177632213717e-01
9.997626656879333717e-01
9.999576979422862832e-01
9.998636937833078608e-01
9.999672438876882063e-01
9.997365537443059225e-01
9.996037731678688587e-01
9.999063034530212279e-01
9.999761449063738761e-01
9.998901754317028878e-01
9.991789693789387972e-01
9.997811924385076043e-01
9.972626340396658629e-01
9.999650312764821747e-01
9.999009023022752407e-01
9.997392531314467368e-01
9.982790086678499097e-01
9.777856448309905080e-01
9.977684983590150436e-01
9.999263756128304870e-01
9.999498957121161213e-01
9.999311885655154386e-01
9.999463992705400761e-01
9.995413549155016675e-01
9.997358905402575768e-01
9.999965976818172564e-01
9.973838534052025251e-01
9.999134079461333702e-01
9.998241150414697298e-01
9.982069198472413030e-01
9.949403816604961426e-01
9.991390627385683398e-01
9.999864841766507029e-01
9.914730824656345920e-01
9.995044497638794212e-01
1.199122550187239067e-01
9.951014460337267442e-01
9.984844506805518050e-01
9.242286409193798402e-01
9.987740578122562551e-01
9.987642827364415776e-01
9.999895228884073672e-01
9.996867074130380004e-01
4.091751438044255451e-02
2.903228656578045186e-01
9.999428255698799006e-01
9.999399993140689613e-01
9.996472723747918954e-01
9.999221320538882463e-01
9.998762856048779568e-01
9.998374051867690016e-01
9.999846208796534519e-01
9.796743823378664118e-01
9.992039076480460080e-01
9.998062887333681870e-01
9.995430984571219701e-01
9.990229329185275065e-01
9.994399478347180121e-01
9.521336568916231036e-01
9.999746388762310589e-01
9.999721722792797030e-01
9.998469480911701401e-01
9.996950570563798433e-01
9.995295249280700123e-01
9.999310187612729939e-01
9.999813757460912500e-01
9.999030306833966986e-01
9.999652007839853196e-01
9.905814772942237445e-01
9.998963725371408096e-01
9.999535734251686625e-01
9.999814388672682020e-01
9.999495228632597765e-01
9.985422228740857831e-01
9.998523537686559992e-01
9.998961556952670193e-01
9.994789693096430838e-01
9.986709874843674450e-01
9.999739704500529847e-01
9.975181950301303946e-01
9.999795971776899162e-01
9.997629935512990507e-01
9.995370047461684671e-01
9.999720048823138585e-01
9.999817671969257749e-01
9.999219659767839552e-01
9.990121284436144222e-01
9.999499750019100741e-01
9.999010307697228095e-01
9.991712053470671595e-01
9.985485356692929138e-01
9.997973535865712913e-01
9.998089262559506363e-01
9.385123626683468112e-01
9.998209693600290660e-01
9.995034693839069950e-01
9.990048474787467381e-01
9.150323158695290449e-01
9.670894100271003602e-01
9.992452380377297994e-01
9.995754606335335302e-01
9.986958513737501653e-01
7.190467477656663497e-01
9.994933569753549074e-01
9.998597659794246084e-01
9.999154808614573176e-01
9.978241030646300969e-01
9.998072796633395987e-01
9.997362911286874487e-01
9.998873122177486250e-01
9.999461002349299132e-01
9.999381586180453585e-01
9.962545642144279290e-01
9.981821233776578817e-01
9.998739466697716960e-01
9.879771137040520568e-01
9.999759096107236900e-01
9.999527639338257057e-01
9.996994264874312641e-01
9.998366632452304614e-01
9.999091627295976226e-01
9.992563968299553734e-01
9.977205736972903916e-01
9.996588772429131353e-01
9.993485265445648524e-01
9.997071884189550062e-01
9.995929998186271481e-01
9.994895472404276004e-01
9.998542592973772569e-01
9.991784356949632295e-01
9.998929191866340327e-01
9.993313186184804575e-01
9.708704605468182480e-01
9.932502299434492476e-01
9.998339327900480633e-01
9.910730048480544951e-01
9.922131609504563077e-01
9.949690619462965291e-01
9.986422111993580319e-01
7.601113881197597566e-01
9.995962595835783393e-01
9.995903319125327702e-01
9.997457772127464892e-01
9.992847721083372159e-01
9.984190978476886746e-01
9.989280214899100008e-01
9.887095351779704444e-01
9.994494443909140990e-01
9.598659437120938831e-01
9.966120095506803001e-01
1.136997061206073897e-02
9.942656048240279265e-01
9.984861878739998975e-01
9.999132087016506798e-01
9.999504065804253328e-01
9.780934859741080567e-01
3.402997858509477537e-04
4.528790394377728290e-02
3.119307835269058415e-01
3.498241698768658737e-04
4.892214819634921330e-03
5.242854781158455112e-04
1.268292977132375141e-04
1.444485955374321603e-05
9.760226040834330159e-04
1.303273995609016515e-02
2.367695234338771174e-02
6.838069544429720766e-05
9.708980059231996779e-03
5.451054874141548524e-03
5.805771425079420817e-03
1.206607009750293647e-04
3.780404146508472684e-03
5.279066262467278781e-02
1.070841983541196279e-01
2.918579692732768422e-03
9.524248294598267606e-01
4.166536937892020430e-04
2.140796688768717041e-05
4.560592732647820373e-04
1.992583976239065968e-01
3.257309159215015257e-05
4.674765577112310888e-02
5.146523682628055540e-02
3.737697235325002643e-01
9.949493141983196676e-01
1.722499692037001151e-01
4.438366433584124346e-03
4.281577857149798682e-04
4.013990063498344327e-04
1.257509010343983182e-04
2.770451986157315965e-05
3.878392075953680448e-03
5.140933054654804428e-03
2.641161990479997442e-03
6.507744326314631117e-04
9.771073980002108672e-05
9.328507603511560756e-05
9.905086791512136557e-01
4.163005638709924017e-01
5.544647934644627088e-03
2.638164400646710603e-04
3.557788990689603800e-03
7.320818789709459054e-03
1.920590881431382194e-02
4.816720042507075797e-04
1.443727896857626260e-03
1.149667781046289361e-01
1.434605210183762279e-05
4.438209752188633506e-02
5.669298283840252216e-03
5.284217405909611386e-03
3.406475696465208897e-02
2.350112524430913910e-04
6.294611825927656779e-02
3.529574941857732163e-03
2.812774574280418327e-01
2.584243065217335829e-03
5.972804847769423199e-03
1.357444267913443135e-03
1.917170882851122445e-03
1.923826931267677842e-01
6.421961725089694352e-03
2.590235960759517168e-04
7.839790366966503665e-02
5.882099694567834991e-01
4.747822088231676806e-03
9.998523716177628584e-01
4.360310763767548670e-01
8.257158969697482309e-01
8.757982409051419115e-01
2.673860269350514972e-05
9.469317385253729347e-01
2.304880332311266215e-03
3.647964489924857001e-02
7.577772730699347363e-03
9.997932625629115666e-01
7.385734636116104701e-01
9.959802676761602136e-01
1.383668237983325111e-03
4.676076351113270246e-01
9.164640384436879561e-01
4.568882034455325480e-01
6.450711270421296065e-03
6.806915170807075199e-01
6.760450159774100687e-02
9.722575578648947614e-01
5.023644583449424043e-03
2.658679500009506483e-06
9.949240124953808717e-01
1.309376028941780790e-01
1.764216611367674893e-03
4.982124284030279432e-04
1.968286071553178394e-03
1.707065124888200599e-04
2.244389518901894823e-02
1.475016483863892530e-03
1.609463049178339739e-02
4.303716887417946002e-01
1.253796712914151054e-03
1.694238380677454440e-04
8.973601325485452973e-01
5.196833623701176963e-01
4.501515938330671179e-05
1.273868121334563105e-02
1.792704119793847237e-02
5.602737201987426779e-03
1.470733227891778128e-01
9.565635594972292655e-01
6.708499885321380371e-04
4.191475745141409357e-04
3.759000555273867700e-02
9.033378539027581144e-03
3.551453839619416722e-06
7.012984324179019451e-03
4.153402337607561042e-05
1.032669847772337522e-03
7.075009270036582663e-03
4.031814379687377603e-02
2.056229024437699390e-03
1.358231606449705926e-02
8.890883443949046949e-01
4.602795641873767135e-02
2.937219221134835948e-04
9.833499314935865154e-01
3.602873736605663110e-03
2.717719064278664983e-05
2.349046833124307260e-04
1.121419438342185701e-03
9.670259606290689813e-01
1.038830085877230430e-04
1.507834135744580070e-02
8.198807904070635208e-04
3.264518870492871903e-03
1.082821455775999027e-05
1.258764152636442221e-03
4.788319104029003484e-06
1.254137632903626898e-01
2.605950726493694858e-01
1.087057593720647079e-02
1.386267638289064670e-04
2.272862526033959764e-05
9.993720388766413887e-01
3.877225001511249011e-04
1.752227302485077354e-01
7.952434461087361630e-05
1.170754737445930810e-05
2.458175049490909578e-03
3.471309709180911592e-03
9.762992839919600041e-02
9.942535339359772628e-01
2.747688019880033250e-03
9.943075175082184414e-01
1.388643930781850852e-03
1.645655303558540006e-01
8.773104788765122564e-01
1.323957669611262704e-02
9.717191966895041277e-01
6.650730764833302777e-02
3.444013792743371816e-04
8.487393167894150547e-01
1.028070471499545856e-03
3.015049034458039401e-02
1.992945616127291333e-02
1.245832608009839887e-02
1.259581789890460400e-04
9.998798730088714892e-01
1.624393197696219005e-03
1.536051339164886363e-02
2.757589659597402265e-02
1.932642567424270111e-02
3.307500609707925750e-03
2.165399404313095150e-06
2.140702894314530300e-02
9.102529906237494597e-03
1.357079269704043051e-02
1.423654757985486552e-03
6.117247983973498476e-02
1.168391997547645611e-01
9.936237186687516543e-01
7.491704805749470619e-01
2.445985649397925538e-02
8.605833239666443868e-01
8.508735282410644530e-05
3.733997125740854978e-03
4.461771938401253718e-02
9.613571434840058050e-01
8.650176676700302991e-01
1.491009940001965066e-02
2.631801516404613751e-04
1.031815725515494849e-03
3.228299934922277846e-04
1.434428661037258205e-04
5.650732236902664823e-02
1.392128699580932752e-03
1.508107114126343155e-04
5.711917452159209763e-01
1.105976820371725430e-05
6.642145913633934473e-01
2.766139319832323640e-01
9.995287665962026002e-01
9.987156070387777085e-01
7.357774515811175108e-04
9.239494525700157057e-01
3.278881296359663633e-01
1.672953383985537024e-04
3.663340071490532200e-04
2.350069686848916379e-04
3.352326369619252396e-05
9.521112989500175594e-01
6.899032758187730874e-01
7.950008989217311958e-03
4.570276988316055258e-04
7.283614533487844378e-01
5.150763401924384616e-02
9.389278774950706558e-05
2.944122895606367048e-05
9.923645358620724055e-01
2.018353932706540288e-01
3.411435720160429976e-03
5.815122690513542872e-04
2.759211006453790322e-03
9.052394601491154909e-04
5.919484777463124556e-07
1.445770954486884445e-05
1.581372015381124119e-05
9.755128751818028521e-01
4.111117755811300768e-03
7.400014016426471608e-01
1.211186447890492016e-05
4.124706167915032640e-01
1.784480816390335289e-03
3.368286639422775619e-01
5.991557144925688342e-06
1.756238329347841465e-01
4.820159470384801498e-03
3.039969154813718794e-02
1.989709760367424501e-02
1.346817793116798301e-03
4.169296734874733401e-02
2.982369841947507780e-05
7.846890638639664184e-01
1.413720148917340172e-02
4.248031040020284164e-05
2.132311947832070675e-01
2.928834199503675406e-01
9.981682253295000029e-01
7.177692837736690187e-03
1.263367265780990789e-01
5.884246103652538556e-02
6.564463257717982787e-03
1.472819384356265082e-01
3.252185254930870517e-01
7.574492251382801411e-02
2.749473061641829683e-02
8.837041187452161772e-02
8.919433012127911953e-01
4.250407514286461685e-01
6.347082577203325138e-02
2.906440269440368498e-04
3.228846192988613084e-01
1.511904443106980127e-02
1.513760873598287034e-04
1.461754465284278992e-03
3.150270666371822459e-02
7.501649197176242935e-05
2.057863539963193308e-02
2.888995853228435058e-03
8.626511341556174738e-04
2.507402569113685776e-05
8.639491077962109869e-03
2.073885998280696960e-03
3.809528417377717091e-04
1.911482342052839712e-04
5.999957358258704810e-04
1.122324135102527781e-04
7.162162179998713438e-05
1.005825494501041834e-01
8.088273083067080982e-04
7.469995887140841173e-01
2.656827621925161604e-03
4.701514358695132144e-03
2.502437596845478174e-01
7.670239692885378983e-03
1.190521682035284743e-03
1.881426471351678020e-04
4.639026034618296923e-04
7.398621462521313107e-03
2.975951384302459438e-04
4.638969168321682821e-04
2.916209283650547424e-05
9.244800110482844294e-03
1.635958602128201797e-05
1.475494994512154586e-04
2.302317430341974688e-05
3.298093458721656351e-03
1.024289203615244488e-04
1.259289266923437798e-05
1.141329745283114257e-03
8.926652541494738515e-05
7.477292947576346781e-04
3.996120654328466117e-03
3.688709817913577577e-02
7.124945217306359255e-03
7.877326358605567583e-03
7.227261156112606960e-05
8.041304300619733520e-04
8.171455391506999124e-04
4.802106466606982134e-05
1.067834517102292770e-03
6.231608822610135850e-04
5.548973352126553189e-04
9.093502878913345411e-02
1.280239338504041060e-03
3.576757324558118298e-04
2.277841096435401236e-04
7.077307405837057752e-02
2.082492242086958508e-05
1.040296088197754454e-03
7.420289569808911911e-02
8.057307548170657835e-03
1.301268453290133032e-03
5.907778806515663096e-03
2.371714855984949355e-02
9.644952739105323858e-04
6.213834081097442674e-03
7.886293740291873975e-04
6.822497943717652051e-03
9.675891667302303524e-05
1.392313239168476585e-04
1.340763044774456302e-03
4.306780870791337111e-04
5.818556423796273913e-01
2.687811872665573504e-04
4.166222146273839094e-04
2.997330978419695505e-04
7.116862412838622504e-03
6.974505067445585516e-02
7.763645517659867237e-04
8.147723961409833633e-04
5.003989341099238401e-04
1.554842002555858159e-03
2.046052788449487583e-03
1.025810013804482587e-04
2.437526882400478830e-03
7.467347120934175915e-03
6.232711943557007461e-06
6.444378913143370986e-04
6.821207926057805231e-04
1.931158947291057235e-02
3.627055800166684857e-02
1.007077144742466162e-03
2.024699876550779126e-02
3.957018158174701455e-02
1.415828084379146219e-06
3.391750403462919991e-04
7.657565242869017290e-03
5.187081449174720058e-04
4.279325852958610482e-03
3.913325121573640853e-04
8.656133737730781295e-05
1.669472557321671042e-04
2.452191684051384989e-05
3.936435311319825235e-05
4.301892001066541515e-02
2.371605036121081920e-04
2.208165982807516140e-03
3.170531909491088648e-03
2.373150708650268123e-05
6.984874913898270719e-04
3.002494924375498017e-02
2.815373977837413392e-03
4.139675527378812382e-04
1.147782667850515778e-05
2.575695087964180886e-03
9.414606290584306460e-04
5.250376501339643585e-04
1.629790994510760561e-05
3.354478442469507253e-04
8.499514560736896041e-01
1.642334922698205805e-05
4.075739098136841850e-04
7.010784338414414486e-04
7.727836576797782360e-05
1.681250352462515627e-04
1.428758621324430894e-04
3.530020828622959018e-04
7.823868416870470577e-02
3.551714039059746843e-04
2.247137947125512313e-03
1.383227857166753616e-02
1.942351713350164676e-03
1.246782146164003363e-04
1.376239469915879450e-03
1.695765805625198963e-02
3.778452138362533574e-01
3.441438560846163397e-02
8.563331809915505520e-04
1.217297245845044433e-04
2.254890012180306089e-03
4.617050220714137218e-03
8.101787671751504299e-03
9.549299301340146004e-04
3.527942785059911407e-02
5.289721925730217142e-03
5.254762713403469121e-01
2.618873236299091483e-04
8.683428474084223248e-03
4.585239264198461787e-04
1.164095572991659620e-05
6.098751701041782436e-01
2.355352150567538699e-03
5.210099322668085113e-03
2.994390011771702088e-04
6.727944627592533089e-03
9.655158296105729009e-06
1.384845684292171795e-05
7.615962924811417543e-04
3.587722306980670878e-02
1.176104701033115450e-02
4.251662127257916951e-05
1.601592286338558621e-05
7.998211267014033887e-06
1.080623827572589454e-05
2.207511134303126454e-03
8.327636324421689995e-01
8.604686265144061255e-06
1.601558104411633090e-03
2.529720151978106916e-04
1.287923193671947411e-04
8.863454326978500693e-04
5.651945376939973825e-04
3.964710808598369393e-05
1.279521023577020588e-03
4.089431623783738347e-03
1.672778367609168782e-03
2.016590466701633031e-03
5.241422283027616889e-04
4.115839097368963889e-02
1.114925141633695167e-02
3.354564112257791723e-05
5.832439443038457292e-06
7.262573936461456372e-04
1.946888173604852459e-02
2.550726204930349504e-04
8.195206277328797098e-03
2.435629047221355651e-03
6.180981183909299570e-02
1.469151944294847531e-03
1.801096326177516714e-03
4.487361121270595082e-02
3.504350189688217542e-04
4.535960991445681101e-04
1.640504158080008596e-03
1.453907456586012344e-02
4.350601564827054812e-05
1.370512784279914774e-04
2.489280132970769343e-03
6.440612662172982318e-04
5.563826432335404470e-04
5.466596900829475553e-02
6.392895685526672105e-04
5.913991379372414295e-04
2.578833441410198317e-03
2.101268294920809123e-04
1.370893118410209111e-01
2.869208781325757393e-04
6.162545304792158647e-05
3.750727159052718186e-03
1.721145168880963022e-04
4.557097136584370087e-03
7.672375524690602973e-03
2.368726110713324014e-04
8.141608704884858994e-02
2.430997116417277898e-04
2.504241485587378399e-03
9.148283663401544637e-05
5.399855513057225456e-03
3.294932476822031142e-05
1.948682649047338419e-03
8.368569337617088764e-04
1.289328717411720917e-04
2.807376576677487329e-02
6.139594163203485850e-06
2.513408054892964372e-01
6.051215819945900652e-03
3.101919300463112580e-04
4.248581399989951208e-05
1.028213532122777959e-03
2.358250580876369157e-02
3.427459945246571658e-04
1.670926463677888335e-04
3.831439738774993018e-06
4.970271947256154656e-03
3.618535172754978597e-04
9.977920403890162826e-02
1.610846990720400134e-05
1.148220447206565673e-02
3.663059740631425740e-03
1.396635222960919225e-04
2.004067715806754583e-03
4.328760748552972284e-03
1.054332376187888318e-02
3.175666066771338516e-04
1.288631528046758207e-02
1.033060883897570512e-04
2.157774260990770812e-02
1.572620075231143848e-03
1.024411924417839613e-03
1.065066328011912006e-02
3.713264749954941113e-04
1.077894920781753609e-03
1.218978014001521198e-01
3.032242827250620533e-04
4.195611115633374698e-05
1.530946766300208747e-02
4.913382713744410789e-03
6.838453974278075513e-04
6.052198859244676231e-03
7.491324218209046912e-03
1.374684164803120898e-04
4.771201686113326484e-02
1.155843716032783778e-04
1.431203693999634138e-02
8.907750145463918775e-04
8.354045400959925205e-02
9.088261843465464396e-05
6.649706611196213397e-05
1.651657086340423911e-03
8.445874100514736207e-03
2.622181743577161814e-02
7.214246441819290685e-04
1.157411200314567812e-04
3.347150850614697185e-04
9.541154921783910892e-01
7.962681787642405390e-04
8.570440771572546135e-02
2.892663348226583395e-05
4.933839702939130101e-01
1.051094425359251627e-02
6.210412867871374193e-06
2.626678266369256561e-05
1.092038361244702591e-03
9.676054841246011992e-03
2.189322000577918425e-05
1.876371720123994336e-01
5.220343411798082298e-03
5.104717878350805652e-04
1.082168295994761576e-03
5.925754290428802973e-02
3.868013597898793931e-05
2.960687122068578593e-04
9.911274895698785406e-03
1.073082779833837855e-04
9.729847302937631867e-05
1.223138988094324322e-04
1.390546098521157261e-03
8.225735560276781211e-03
4.001821815701380597e-03
1.187271095896235730e-02
5.454952869862851128e-04
1.137545598755346915e-02
9.622152949292818046e-05
1.448994339464584784e-05
2.123860020678462746e-02
1.576619035431427510e-04
4.077038732858647200e-04
1.312897585676623714e-02
3.874870345551069298e-04
4.922145730507532235e-03
1.684275424418830156e-04
1.671471878026615935e-03
2.313574709050712991e-04
5.832160711792684360e-01
1.803116416358534191e-04
3.892302863506493134e-04
1.877833705557317503e-05
1.312732962755579907e-02
1.438194988442977919e-03
1.960193401323157026e-06
1.259497409061408491e-03
4.439816985362676077e-02
5.220453629599993567e-04
9.859425280183106211e-05
4.374526495203121673e-04
6.841168795096536580e-06
1.020141839112967711e-05
1.639188900422650433e-02
6.773493309355770606e-04
2.161535179251439570e-05
2.535938214633553286e-03
4.118109594165794289e-05
5.570761145248687455e-04
4.408683214749456979e-04
5.241058378437141911e-04
7.046694098440705518e-06
1.875976208627955525e-03
9.998649995353018349e-01
1.857008498518302256e-02
2.394484361093293830e-04
1.295366165691583249e-01
5.160894168936641657e-03
5.816089433086319636e-06
8.077061755420283581e-03
1.152192924401941403e-04
1.090457193344971515e-03
9.885008223477945721e-01
1.457306677322953593e-03
4.562246689216870044e-04
1.469284991130258928e-04
4.044333798954229760e-05
3.244054023908319890e-03
9.197904672817378002e-02
6.327844159569964017e-03
1.926902316938009993e-04
2.862311071276160832e-06
7.980250955726371220e-01
3.433488961907754460e-04
1.131851923177970044e-02
2.964639375201206292e-03
2.243948095829428977e-03
3.055114117120017673e-05
9.135070009010615166e-02
1.645492144068356772e-03
1.284369493466734930e-05
1.277609269754846448e-02
1.545367577935599515e-03
1.797215337219698411e-04
2.704570481439497968e-03
2.178735115495105679e-01
2.003940809054572669e-01
7.224905220856468529e-04
1.370387318608738969e-01
9.238623280517127556e-02
9.549132536115276793e-01
2.909759838549696466e-05
1.633197202035731557e-06
1.298336541651092142e-02
1.441144121204439006e-04
2.677400751847700683e-02
2.062564898014940945e-02
8.430454318621717321e-04
4.916716083858417574e-02
4.519154717853331301e-05
4.422949849565671609e-02
1.789235109343052484e-04
1.343674607168737246e-02
1.028145145028272462e-04
1.985305203787781150e-02
3.947759354916910570e-05
2.657578443190347986e-03
1.649305355529210107e-02
1.891283447881821414e-02
8.249948073281532864e-05
1.669848448672635538e-03
2.405440589036778563e-03
3.680379813649233526e-05
1.283243587992641092e-02
3.862884668276629369e-05
1.159675247745601406e-02
1.740381849416488755e-02
3.505170992374442764e-04
3.035906190161428270e-04
1.592958933311989505e-05
2.556616259048724365e-04
1.286672545581268459e-05
5.510306388203721310e-03
5.613803124064078998e-02
3.502597140163963912e-05
1.029516514646318468e-03
3.327755645006316709e-02
5.970550540114710064e-02
1.588115151493952118e-02
8.393248939987497741e-05
2.049956661437714843e-03
6.638878098989394664e-05
1.251872312028233791e-01
4.322220702635519310e-05
2.458835379104120107e-05
4.670654056655171998e-02
8.659405637210592461e-04
4.085896549546158248e-05
2.836330442858124709e-04
5.386110834691378024e-03
9.804917753925952121e-06
1.453805527570844287e-03
6.352578478865157109e-05
3.153858263140053148e-05
6.260605232750783306e-04
3.001777387252083809e-05
7.148937697880683104e-03
6.689495352305357902e-05
6.510459809688088403e-04
7.046220405091283500e-05
6.638869780456924281e-04
3.263804256467574397e-05
9.913566496094294508e-03
6.989819676547708678e-04
2.490665904930980390e-03
2.171189108522399852e-03
5.297320642771237431e-02
4.210818076581513526e-05
5.790586332230491075e-04
2.152498200939481122e-04
1.342983622749232837e-04
2.371222242101575582e-04
1.169948253024780289e-02
8.533600999218685784e-05
2.640805420861194611e-04
1.038360329428938272e-02
1.397076780227245879e-02
5.252062030215305134e-03
7.012912389851787514e-05
4.392794684012277370e-04
3.953617235609725830e-04
2.395216520225482842e-02
3.021082953132369600e-04
1.102092892383332336e-02
1.552201482557941103e-01
2.814310948294935394e-06
9.661627541163925192e-02
6.489454821052155053e-04
3.826289285088620650e-04
6.442833042165229014e-03
5.921815380811438784e-04
7.334846553305199301e-03
1.094249367956866520e-04
3.121057160641885425e-04
2.137426739696278184e-03
4.188153016329533226e-04
4.308921916860652214e-05
2.626874529183480418e-03
2.804966362854984440e-04
3.539275609791592281e-02
2.574545113338521101e-04
6.514681791821479509e-05
1.144772841710544772e-05
1.586451297699525698e-01
1.871598617362898575e-03
2.603701946118546287e-04
4.253198890673523703e-05
1.519731234983673655e-03
9.756089492338684499e-06
2.119935417889245706e-05
1.709865850600503527e-04
5.708422118574190719e-03
3.319428911762208889e-01
4.699513498708200732e-02
3.923615221949358287e-03
1.353616171794671998e-03
1.237951589766611744e-02
1.513502083378632894e-03
4.596487961663803246e-01
2.265585520705634941e-04
4.688262168408476190e-04
1.332859100417758350e-03
8.601247445943665040e-04
3.666987864967322184e-03
2.348714622566744190e-06
1.013502986691712602e-03
2.880033558217711702e-05
5.863160334984690580e-02
6.629834472389683174e-03
9.913175455473338671e-01
5.038951343761222459e-03
3.452225169518203358e-04
3.319908669121990714e-06
3.974376908082443392e-03
3.360019388667501074e-03
9.189134344612945120e-05
6.475381769550234623e-04
1.897598019968035595e-03
9.354787055314425174e-05
3.643732621175517061e-03
1.744080864957908640e-04
1.109688047325578693e-02
8.433543848641056329e-02
4.647314572970009049e-05
8.758879994395184481e-04
3.471261053428807003e-02
1.060274292466528295e-01
5.097977545039433789e-03
4.694795737863203568e-03
9.857983820531652022e-03
3.156751085525008800e-05
1.462719920208583723e-04
1.469117045736066315e-02
2.360962100119612384e-02
7.174684872405213899e-05
2.020367335813488038e-03
2.766930346560880598e-04
6.486288688973031993e-05
8.237860372329659786e-02
1.597039464934544850e-01
1.947696353543045054e-04
4.451798250450910040e-05
3.082809252401542640e-04
6.806194223011456310e-03
6.632070706761644056e-05
5.353552531492522873e-03
1.846288788767659009e-05
1.119308858599099164e-04
4.224090703570977391e-05
8.243949291691342329e-02
3.971676423062781361e-03
7.911906581119457368e-05
1.860854816652401955e-04
1.882284313084355660e-03
1.339873308981072170e-04
2.237709722277487275e-04
1.126314899763792773e-03
3.927377290151362263e-04
2.469490363204305140e-03
1.664147649584800327e-04
2.814005052876327947e-03
1.106115443900282163e-03
4.811569625259027845e-04
2.855321935525928067e-05
9.832479119824486251e-06
1.290627396325673324e-05
6.612254956747404093e-03
6.210747202597362799e-06
7.577518855626147508e-04
4.967955552096783248e-05
1.704831452077409668e-05
2.820181687701974523e-04
1.660940978270784412e-05
5.393532910855142106e-04
1.172912554313457461e-03
1.766962239452173070e-05
2.116691956425837805e-03
5.142631453877849739e-04
6.482097680256747665e-03
2.819525165533153833e-03
3.266732713846373588e-05
1.890685116534696330e-05
4.396925922570671212e-03
6.663315445267539152e-05
7.075943806428848894e-05
2.075765869572331335e-01
6.410183955686474526e-05
1.070222679004141642e-02
3.834413555427941606e-06
1.574881010023402228e-03
3.132009549390157442e-04
2.294344310566471967e-05
2.202701587664339117e-03
2.300421857446232048e-04
5.110966050345370874e-03
4.606742653318760677e-03
3.017562703508579544e-05
7.971453660678674835e-03
1.694468412015533032e-05
2.002075481255318430e-05
2.445086963439794376e-04
3.802032809818047584e-03
5.084088036280635954e-06
3.360601336062192458e-04
1.601340681001358908e-04
1.561946648754205125e-03
1.048620247566883117e-03
8.710179105002835659e-05
1.062216169033105718e-05
2.621013827991100541e-04
7.977435555684463998e-06
8.864543076032731282e-05
1.603790121140780958e-06
1.251299504686899898e-02
5.599849896920239012e-05
5.377091044503081688e-05
2.853617223039591378e-04
7.215987940227673212e-05
3.689849185634886081e-04
5.873544628020700709e-02
4.616112150175811363e-03
3.534916326145383847e-04
2.735839123878364382e-04
6.162859444721371623e-05
2.576728563285008751e-05
5.394261890759598265e-05
1.227600166858447330e-04
2.064423993999549219e-05
5.399338339333577215e-05
3.405861177524503938e-06
9.131095428137940562e-03
6.567193808093078596e-04
1.328538462939957349e-04
6.002680326121469711e-04
7.470418726350814827e-05
9.304824436016876634e-04
7.429410750897302786e-05
7.380866445149822375e-02
1.647962815395095188e-04
8.372028321228377557e-05
2.131105136046685181e-02
1.615435849092350384e-02
1.249133535239501866e-02
5.720703902637328322e-04
5.673574635734290883e-02
6.959177463614935055e-03
9.652814288800920474e-04
2.126803627064069099e-03
1.233173155445979824e-03
2.772677753868979045e-04
4.265379041691883043e-04
9.057208141301089721e-04
1.573397255405407924e-02
8.900075971937140493e-03
3.470151869126412590e-05
6.378418992322226137e-05
2.663991194921761993e-04
9.334901895500034418e-04
1.769945787529293225e-04
1.370037745935021598e-03
2.275331802183288990e-04
1.273435981403097522e-03
1.445137572347736409e-04
2.687319331440234292e-05
1.265641221964127681e-05
1.438654849058433304e-06
1.808317520335197340e-06
1.013026970395238978e-03
1.492199467174681361e-03
1.431002548890718262e-02
1.824911531080939189e-02
2.534145741702793385e-05
2.094192199398189566e-04
1.114588349534085913e-02
1.899905551576822036e-05
9.801800109408090333e-05
1.497161557501338876e-04
4.173553377286568942e-06
2.522948683960402321e-03
1.766734910489269918e-04
2.105097937326242882e-03
7.584874542296330096e-05
1.577308325262561137e-05
5.992107607436489064e-05
4.902241589484400636e-04
6.749283071270819126e-03
1.911229089549360555e-06
2.541962893004117417e-04
1.315909641358184966e-02
2.825977576904275962e-05
6.265428808156539272e-04
9.309831406787943248e-05
1.498590880385675768e-03
1.165971558171591651e-03
2.688857617660983350e-03
1.326169992402405759e-06
4.196399606893010852e-04
1.277491980093703201e-04
1.515661227272559349e-04
1.096985426372278685e-04
5.806811593839900478e-05
1.276395081237214898e-05
9.845983375776205283e-04
2.448306935514508336e-05
1.305437247567138017e-03
2.787187294702017900e-05
3.416562462683882739e-05
1.027304589023494166e-04
9.382240648099247484e-06
5.494544883603954188e-04
3.581071097929141266e-03
1.365709230481905098e-04
3.420885018599067131e-07
1.164016180563010863e-03
6.381093455217626081e-05
8.640511264155577186e-07
3.543172168961452283e-03
4.192407967538253690e-05
1.843280850474733645e-04
2.643562183066209756e-02
4.499489548179605864e-05
4.659378912684080110e-01
6.950833615236553988e-04
1.292935234602131877e-04
3.955543096028373191e-05
3.346528559287224641e-05
1.113703726517125195e-02
3.938753950965015634e-03
5.156588324797531977e-05
1.728340630025537250e-03
3.022891348057022781e-05
2.258199119238654961e-05
3.950489141081899291e-05
6.265454321579790042e-02
3.778135725997666021e-04
4.376931449039546244e-04
7.353202563589681523e-03
