1.083087837828779557e-02
9.645300671150552896e-01
1.532566995352558910e-04
2.734942764764236589e-01
9.835425757085554110e-01
9.954170513823933364e-01
9.998967926835687914e-01
9.999658250159930706e-01
5.643315961340418518e-02
9.948820564206501960e-01
8.395132158264411171e-01
3.081060858721123563e-01
9.991776885991824342e-01
9.998340722165811600e-01
9.960641814222872537e-01
9.368128110550080212e-01
9.549612444279858003e-01
9.889794281248658336e-01
9.996600115626543825e-01
9.993305154221424624e-01
9.989661690816625805e-01
9.840168548519857561e-01
9.971745264035926093e-01
9.974423714601829971e-01
2.293600271937656365e-01
9.437965824122048764e-01
9.974976867834186578e-01
9.918269243645208011e-01
9.905077050789967696e-01
9.980756653834610415e-01
9.999119863426669808e-01
9.998427936523300863e-01
9.999692690774985016e-01
9.055325450550881783e-01
9.913786841351980295e-01
9.998320069222385031e-01
1.961309609551761118e-02
6.560921388336239841e-03
9.999958239178773356e-01
9.345713036429316167e-01
9.931452033492028653e-01
1.368844836979472845e-01
9.833318408787464771e-01
9.999797098190428279e-01
9.999984307218886537e-01
9.998772421587700521e-01
9.999752760560988163e-01
9.999307416445711860e-01
9.999191256204562617e-01
9.999397185844458580e-01
9.996419647322333235e-01
9.988443164518119310e-01
9.998958527211808667e-01
9.997837638148253658e-01
9.998444763566819438e-01
9.997845252053145781e-01
9.999557811982219269e-01
9.997026417333479964e-01
9.987244335105552873e-01
9.156839342592879016e-02
9.996250012058460754e-01
9.989766721868732491e-01
9.995729794642824739e-01
7.295279932554693536e-01
9.996896732026921972e-01
4.508795517235674984e-04
9.999871386643224280e-01
9.999004936124930021e-01
9.984015810926480938e-01
9.903861687743538145e-01
6.376888739093665714e-01
9.993915625336524666e-01
9.996981439029430927e-01
9.996199338869455886e-01
1.388204737663213369e-03
9.999224409257748691e-01
7.313653922793013074e-01
8.488948771277489147e-01
9.992814480138054734e-01
9.991268879527460678e-01
9.979272980661183512e-01
9.989396961235577077e-01
9.975192315355539963e-01
9.931578944028554012e-01
9.974827749466743665e-01
9.996441005310191530e-01
9.999768068030351342e-01
9.999827767102579257e-01
9.999677438278234964e-01
9.991187923781382763e-01
9.990835326931156724e-01
9.999665798133926531e-01
9.999717609174330057e-01
9.999794244226325457e-01
9.999535468331607335e-01
9.996474859321221595e-01
9.998194795729604678e-01
9.998389716959897866e-01
1.620525731706017880e-01
9.999968421422696929e-01
9.999758236168890813e-01
9.999460712068032331e-01
9.999843821247663689e-01
9.973709016541122407e-01
5.796200014114580856e-01
9.860321973117455174e-01
9.998517820551874324e-01
9.999930283711849777e-01
9.998928442278904871e-01
9.998026879972883307e-01
1.106065879947127351e-01
9.999030573240332842e-01
9.999794074354205753e-01
9.947668077757859662e-01
9.999607218362480676e-01
9.998690021476636103e-01
9.999964279462478789e-01
9.999335220757885612e-01
9.739074131886129582e-01
9.999856707160885705e-01
9.998764970485619630e-01
9.978814215267227672e-01
9.999304500724124356e-01
9.999716882051140621e-01
9.983167767522722613e-01
9.997447676135231553e-01
9.996179845379734585e-01
9.984911900060551293e-01
9.999647431917048079e-01
9.999873669897196837e-01
9.999935251527382052e-01
9.999558687819390945e-01
9.993067882955110059e-01
9.999070357351144134e-01
9.998549020835298951e-01
8.865382769245515604e-01
9.999615414872863317e-01
9.999898132515200322e-01
9.998698879877653267e-01
9.989356096915479322e-01
9.944411579034547755e-01
6.176660586872115971e-02
9.990318002389289020e-01
5.312596420924406426e-02
9.990280298862406205e-01
9.910058026463105518e-01
9.226895919314980210e-01
9.939350915217920468e-01
9.996939223984582235e-01
9.860902897832074521e-01
9.999844337684924422e-01
9.974071198848529773e-01
9.990421888492895253e-01
9.986860205111036670e-01
9.998689061506690345e-01
9.999868739337814949e-01
9.999530147713185935e-01
9.997238237296193208e-01
9.999138065173849288e-01
9.992436863385127932e-01
9.999350996478796327e-01
9.997422416101696685e-01
9.911048303255870495e-01
9.988653686825593736e-01
9.990601496883474431e-01
9.996303573428437783e-01
9.997461025830957082e-01
9.997304791718657491e-01
9.999698880125262868e-01
9.999420719321477913e-01
9.997610778685017685e-01
9.980195070754253051e-01
9.991404735897086997e-01
9.981826235791146917e-01
9.950707155117007874e-01
9.996972807270513295e-01
9.999445569673561796e-01
9.988439722223704242e-01
8.509452363096067229e-01
9.060421814856543007e-05
9.999825495007179654e-01
9.999479170746177203e-01
9.998543710092898662e-01
9.999905036058251984e-01
9.973465269498877905e-01
9.998835608909835138e-01
9.979412500633056959e-01
9.999859291937603922e-01
9.999220777096330393e-01
9.999715332649631305e-01
9.999369819035742735e-01
9.999733471318502653e-01
9.985595381867188314e-01
9.995720902260981644e-01
9.999689548300160213e-01
5.374041518532866185e-02
3.741378147091814054e-03
9.999647535677423926e-01
9.998344511906586130e-01
9.999907619946364346e-01
9.999658928797826585e-01
9.999470691806793265e-01
9.999764880601514916e-01
9.999927303413934654e-01
9.999812397652266815e-01
9.999619673997358626e-01
9.998400214630446259e-01
9.999689365369529570e-01
9.962558088063016015e-01
3.775452324080515454e-01
9.978214826089247813e-01
9.989542449325468088e-01
9.996465118598425459e-01
9.999696388258210167e-01
9.999934889313879527e-01
9.998060437924105592e-01
9.999363556492855132e-01
8.998415635658412182e-01
9.943871553400571717e-01
9.993016407050074879e-01
9.992568165162378779e-01
4.566855575621174834e-01
9.999929570870444984e-01
9.999574111143433308e-01
9.999945773198801735e-01
9.999846242494372373e-01
9.941422945601015027e-01
9.991030318504268148e-01
9.803556103360437923e-01
9.977702305547830886e-01
9.853837573200502353e-01
9.997441733552814291e-01
9.999661278334640580e-01
9.999922046577476298e-01
9.999737324562653074e-01
9.999857863444658879e-01
9.999388263805050192e-01
9.999655041440754788e-01
9.808438465851991861e-01
9.996980888573006041e-01
9.999549553844565564e-01
9.999941327207553243e-01
9.999509145012696054e-01
9.999462715502667187e-01
9.999310424940284214e-01
9.999484393061461862e-01
9.999980314465312103e-01
9.999645871356458438e-01
9.999698616109771176e-01
9.999898963620528214e-01
9.999383905040487575e-01
9.970451128811896879e-01
9.999016764720408679e-01
9.990526145295273164e-01
9.992991725829249994e-01
9.912294194294244409e-01
9.993177480368242716e-01
9.976191784085074454e-01
9.950026283080541933e-01
9.960101704733181904e-01
3.055168021053153611e-04
1.062738197179066008e-01
5.709471272587151036e-01
9.922359921751101597e-01
9.996641452889621915e-01
9.999656704375251559e-01
9.999808438350740181e-01
9.990773263010773730e-01
9.999808312317286507e-01
9.978301906215423234e-01
9.992216293936222460e-01
9.991267904267890909e-01
8.476079687095658954e-01
9.979524153265789677e-01
9.999491482663258601e-01
9.999951634958440527e-01
9.999058701297514062e-01
9.998912556540924257e-01
9.999293106682768384e-01
9.997199962429736964e-01
9.999840647117447245e-01
9.998850566949010199e-01
9.999143175038901488e-01
9.998019885166909981e-01
9.999269797359366940e-01
9.995735666672171948e-01
9.999568989638408789e-01
9.999797089525180871e-01
9.994190450191264841e-01
9.995955983875752793e-01
9.999577462404835027e-01
9.998958944694219531e-01
9.999516034008414378e-01
9.999903365209690254e-01
9.999067341177432233e-01
9.892802500021570244e-01
9.999374365048602220e-01
9.999531796419838248e-01
9.999665322465614015e-01
9.999939857911929186e-01
9.999558771348079356e-01
9.999491660225550138e-01
9.999753507313350331e-01
9.988350621462954715e-01
1.766621858668656897e-01
2.021829742706121313e-01
8.604005404992286499e-01
9.990033298490820224e-01
9.763186180555906146e-01
9.831883177651873362e-01
9.919240529920183569e-01
9.993491205812710110e-01
9.985276145554273786e-01
9.999713895242259287e-01
9.997059235211580575e-01
9.999342975526434030e-01
9.997476896194510410e-01
9.998451392494697165e-01
9.981739504202742364e-01
9.998019254085078744e-01
6.136945254267578420e-01
9.937687315168171054e-01
9.961952442152152143e-01
4.024982860797291506e-01
9.999948825817680520e-01
9.995732508325941845e-01
9.880043323647338394e-01
9.996181824808075822e-01
9.996969734225180648e-01
9.480957482942722336e-01
7.297386183311227459e-01
9.962973089259267168e-01
9.999305603980644941e-01
9.988485184718233212e-01
9.998376216782679515e-01
9.999040600485061825e-01
6.271249290572407098e-01
5.964206628829346046e-01
4.165108020023042257e-02
9.971679464944647187e-01
9.898749224157706861e-01
9.940124172628576060e-01
9.998985916249966133e-01
9.920153365904073040e-01
9.781203308776519334e-01
9.225800460513876589e-01
3.017165314266274101e-01
8.907407054669674862e-01
9.861709930261360890e-01
9.999836550608045549e-01
9.999904379925212972e-01
9.999557053521190841e-01
9.427435371411888587e-01
9.998976241545755039e-01
9.999959205275775753e-01
9.958477595968121543e-01
9.991377597984978376e-01
9.998932630806059985e-01
9.999953946137958294e-01
8.842225417840915425e-01
9.999880642819692911e-01
9.999453518559459075e-01
9.686122932960561371e-01
9.977957349468085102e-01
9.444501892749037619e-01
9.482083373439347262e-01
7.110325124871600400e-01
9.261907325281153458e-01
5.316433394175697214e-02
9.993432274591284026e-01
9.996489156846385393e-01
9.997849131005793755e-01
9.996418619136059336e-01
9.637374792788319100e-01
9.999767466833787699e-01
9.998945171407553900e-01
9.998253711199280858e-01
8.843577682297317777e-01
5.707015974091553950e-02
3.114913953374437786e-02
9.991822361652723528e-01
9.757178068561462858e-01
9.991488011799460889e-01
9.999004321128887041e-01
9.991744795735426621e-01
9.761262583659188197e-01
9.998022490062727918e-01
9.999990845824557884e-01
9.999735270953161725e-01
9.999966725054223460e-01
9.999985525582463231e-01
9.989399789279581610e-01
9.999734626538466786e-01
9.997125518541923883e-01
6.373669035051839678e-04
9.999066206118006894e-01
1.383637697295003483e-03
9.960169680681464355e-01
9.998930226486896222e-01
9.814999416754651707e-01
9.519260391558260759e-01
4.601681757709317755e-01
9.999877050870330519e-01
9.766287820815136023e-01
9.998199980935497111e-01
9.993386901926887278e-01
9.999622022392413712e-01
9.996749584303626923e-01
9.997887761221730951e-01
9.835997258045282576e-01
9.999970148713278606e-01
9.999578526382677524e-01
9.999872413886785605e-01
9.999943073262125282e-01
9.999698449058845862e-01
9.948767816502911421e-01
9.999689064592551802e-01
9.999843020342169542e-01
9.965324477401406034e-01
9.999190208700671212e-01
4.341293148159059423e-01
9.999771308179132845e-01
9.998057277797683939e-01
9.999821554311268956e-01
9.999726204820891251e-01
9.999602691409263944e-01
9.999747375519064674e-01
9.998533096798826181e-01
9.999072477272408221e-01
9.992432496777020612e-01
9.997901375838438298e-01
9.990094330139344114e-01
9.990523368655644942e-01
9.915444045742455303e-01
9.989532325014808256e-01
9.999524729149337210e-01
7.198689812748642995e-03
9.947510303439213164e-01
9.599099597789940708e-01
9.996867332883904167e-01
9.991223782405275200e-01
4.696063876208814714e-01
1.463008182406500546e-01
1.408265591396319349e-01
9.910090936821449592e-01
9.999052467274586187e-01
9.999808583921346861e-01
9.997902379156402564e-01
9.957205399175602656e-01
9.938694289454099717e-01
9.986155303956466556e-01
9.885682158087477633e-01
9.942502785993602155e-01
9.998592818134969251e-01
9.985807867418785566e-01
9.988612074523568474e-01
9.941857992736022887e-01
9.999347323915398489e-01
9.986896007063784664e-01
9.999928371605316668e-01
1.116345226194938789e-03
9.921068260361327606e-01
9.989381733170593636e-01
3.518081752503032789e-01
9.999441827609849565e-01
9.988278346268212315e-01
9.987604126393455628e-01
9.999677344294660708e-01
3.322701006877404328e-01
9.999763121083219408e-01
9.999689270359249926e-01
9.975882609797084299e-01
9.074529235437948094e-01
9.402783746456619962e-01
9.084983815767446735e-01
9.986444103095072355e-01
4.518752760172689564e-01
9.972968470223411153e-01
8.989962749143809440e-01
9.999985086987042138e-01
9.999723617879257009e-01
9.999857118927586441e-01
9.999674241487477300e-01
9.999989397831713367e-01
1.538856434065140610e-01
1.335520866781196025e-01
9.995051285219026527e-01
9.996436292786912148e-01
9.968759735314418613e-01
9.986390945221270687e-01
9.798961525574813036e-01
1.921661715999968892e-02
9.999100870814540132e-01
9.977642931804856508e-01
9.911449650117437615e-01
9.984677210644677947e-01
9.971885567501381775e-01
9.982305248964844502e-01
9.993915533594319722e-01
9.603965909098810538e-01
9.998533147881016880e-01
9.953739367062026666e-01
9.970743082054859263e-01
9.962705486256006049e-01
9.993792949653163005e-01
9.999061325325230287e-01
9.982144824481914425e-01
9.999977521650244006e-01
9.999455127377514518e-01
9.999928720684916339e-01
9.999957663304478439e-01
9.999930885439219930e-01
9.999926265339281750e-01
9.998378615087168964e-01
9.983712682624210633e-01
9.999969826490334723e-01
9.999132506586125846e-01
9.983320778164442855e-01
9.634538312405487304e-01
9.226313475811950271e-01
9.998139967056753896e-01
9.674202497756763108e-01
9.979189457443975453e-01
9.995553680981582589e-01
9.993147950670614454e-01
9.998706670846911893e-01
9.988813764683098784e-01
9.982290171720737959e-01
9.979124755062138696e-01
9.990535073338298044e-01
4.245999358101716359e-01
9.982027382753396738e-01
9.999937515815513489e-01
7.993273140422137990e-01
9.999321030479767503e-01
7.930976610750694045e-01
9.884929694190474070e-01
9.995807753861305489e-01
9.975133770555144608e-01
9.904530474664049455e-01
9.913453583257887392e-01
8.875138088465552022e-02
1.271604085579720704e-02
9.999225712600994243e-01
9.996252204615142523e-01
9.989094289877186172e-01
9.989353233713048619e-01
6.294054070220553854e-01
9.999700765291862359e-01
1.451866090945537202e-01
6.104188167913472407e-01
9.976053490230665233e-01
9.999584930418080608e-01
9.998027861764930968e-01
9.851085752610129198e-01
9.997924576814029018e-01
9.999947765726099336e-01
9.999926164328065692e-01
9.999491088310026310e-01
9.910963444044542658e-01
9.998971248417095614e-01
9.998740175670192132e-01
9.932680345971552915e-01
9.998785779258583251e-01
9.999299544696474973e-01
9.997453694300777460e-01
1.534459778336725450e-02
9.717219539676690276e-01
8.868397210505749029e-02
9.997748787633370382e-01
8.014701112634142754e-01
8.931634012373789178e-01
7.940197337670156831e-05
2.101809598184859185e-01
9.999982050425795244e-01
9.999757124138949349e-01
9.999877905207512629e-01
9.999734581569302838e-01
9.999986183419148356e-01
9.999745706642768628e-01
9.999525007765623918e-01
9.660176028073486076e-01
9.999901564953962430e-01
9.999586708954170122e-01
9.810702043135247630e-01
8.168030162527648019e-02
9.992089490759610282e-01
9.999785536247606244e-01
9.982007323861559200e-01
9.243165677649149981e-01
3.629844424011020865e-02
9.999910292493826569e-01
9.994500722942991633e-01
9.912863115137189318e-01
9.998339402583217295e-01
9.757680325767662532e-01
9.822530751363606205e-01
9.999810452008588424e-01
2.135420496427600234e-01
9.891963144411546338e-01
9.998721950138705905e-01
9.437028656437227436e-01
9.991318008862122291e-01
9.998251612413259215e-01
9.997082878843132070e-01
9.996020724168019900e-01
9.944265488876278258e-01
9.739558756962212183e-01
9.992414940665140799e-01
9.985832317221811083e-01
8.802665926188241174e-01
9.999541409128793745e-01
8.883283787120453967e-01
7.346791889481913973e-01
9.999616378277189632e-01
9.983999441284706622e-01
1.714972876089444764e-02
9.800304980897843743e-01
9.999359589250412794e-01
9.996231836986299024e-01
6.765054380913514132e-02
9.999697364326521898e-01
9.999916697790041109e-01
9.999930779217141019e-01
9.998767707667450821e-01
9.999772254764399682e-01
4.121294203698760428e-01
9.998958627948054678e-01
9.999153472254495023e-01
9.927705061089073801e-01
9.998794732415684505e-01
9.565086424283061328e-01
4.442957227919603347e-01
9.998535295256274491e-01
8.503823870613911456e-03
9.575432955879804586e-01
9.996874974314470252e-01
9.998287640350076444e-01
9.997781556791995872e-01
9.999044626863191620e-01
8.070220517448325470e-01
9.979676825980451360e-01
9.999275923583019754e-01
1.222480229222693178e-02
9.976507850510962783e-01
9.960581888134960593e-01
9.996995586649031207e-01
9.975368539113116384e-01
9.999269967975451534e-01
9.999134735260785112e-01
9.999650499600998277e-01
9.996511020686095206e-01
9.998215258988192300e-01
9.990835970567969460e-01
4.874470596170629721e-02
9.999883816407140191e-01
9.997498771155384212e-01
9.990459843668466622e-01
9.472439670664118960e-01
9.986054187983397501e-01
6.589655507657889155e-02
6.430869159795602474e-01
9.960945087953729793e-01
9.996190440121073273e-01
9.996530593281418575e-01
9.998228728182707581e-01
9.999939755632267779e-01
9.999692324211416627e-01
9.999969642413085724e-01
9.999628617350492243e-01
9.755005378746952616e-01
9.999767571137110345e-01
9.998520892469228150e-01
7.482358165179934240e-01
9.895692289617974424e-01
9.888464567529952065e-01
9.999768785038241070e-01
9.999381825309960892e-01
9.998441908519616339e-01
2.815471570789071336e-03
9.999769396742601568e-01
9.999894681009796615e-01
9.999106957459216183e-01
1.380533945093486703e-01
9.999308639785108310e-01
9.999912681921482305e-01
9.997945933844982758e-01
9.999414658191385641e-01
9.999748430200259275e-01
9.992636192616923818e-01
9.996687329130831134e-01
9.934564373688847816e-01
9.999449454319943031e-01
9.997080722956143140e-01
9.996358087026123718e-01
9.998973634444044967e-01
9.999426543092753139e-01
9.987101696425287889e-01
9.993407529473452566e-01
9.992291515119530176e-01
9.994837503313279692e-01
9.998728959655455162e-01
9.998511748432918900e-01
9.998421705997491138e-01
9.997965393829274516e-01
9.997521959709072537e-01
9.997622821974397889e-01
9.981123058385810154e-01
9.985553775497229001e-01
9.998155684003482424e-01
9.994032572580412443e-01
9.901640436697251024e-01
9.985171362743701096e-01
9.999688462549916057e-01
9.985813770850069382e-01
9.884357620336540196e-01
7.983089304079272752e-01
9.989900254007294533e-01
9.910069936872289986e-01
9.998399391820456117e-01
9.997346101476800584e-01
9.999399153884377389e-01
9.999933385299467625e-01
9.998779135362116932e-01
9.994984365527870285e-01
9.999442996895597791e-01
9.999296023329019567e-01
9.999902946790051317e-01
9.999701140397478927e-01
9.999929128204956275e-01
9.997921978197121806e-01
9.999426380126757996e-01
9.997498248749152605e-01
9.999893303041667014e-01
9.999658889904986525e-01
9.999937354088922481e-01
9.999508025433355707e-01
9.998275862813168491e-01
9.997251414760234267e-01
9.999852820549669508e-01
9.995230962305554634e-01
9.999475838887671442e-01
9.999945942336584404e-01
9.999978070830150001e-01
9.999964739229690869e-01
9.996193831298654242e-01
9.960911554348915731e-01
9.995502601038593893e-01
9.999907210467924301e-01
9.999662395232273848e-01
9.995131341375560474e-01
9.999952388797402891e-01
7.342030987776967388e-01
9.999911006903245969e-01
9.999526158185672031e-01
9.999598530245555894e-01
9.999715127900817846e-01
9.999704084942990789e-01
9.999667041888936625e-01
9.985036749510510790e-01
9.999204224123211526e-01
9.999963870321768589e-01
9.999865151514207851e-01
9.999949205119278428e-01
9.997271334993546033e-01
9.997796426466388775e-01
9.999718449409578103e-01
9.988968771218430520e-01
1.239442098911522523e-03
9.971954979594375157e-01
9.880501177826301884e-01
1.268300040551647578e-01
9.996450131074634537e-01
9.999772146586078936e-01
9.999478160950474592e-01
9.999532225495990634e-01
9.998947319974288428e-01
9.990043783002395816e-01
9.927677974763041702e-01
9.904348404121078309e-01
9.998654454580730988e-01
4.151229083678670100e-03
7.289999160985301263e-02
9.471763628734172213e-01
9.991458880916995744e-01
9.999767276904025781e-01
9.999118965382567392e-01
1.497364770637659576e-02
5.134555281093443613e-01
9.999396798681965404e-01
9.998872661429658582e-01
9.999448651237878849e-01
9.998461703293256564e-01
9.990033132554525519e-01
9.998245011699227192e-01
9.995256474182530049e-01
9.427368565309123261e-01
6.962974828488721624e-01
9.900502245564375414e-01
3.877073039010173749e-01
6.462873913725025732e-01
9.810903828006389826e-01
9.998880267453423842e-01
9.999741312991951014e-01
9.998588419855551912e-01
9.607681875725414544e-01
9.602240894161439000e-01
9.999470880515507476e-01
9.999846217478450816e-01
9.429321761055892148e-01
9.804489062728360960e-01
9.999839015118959784e-01
9.998960460447553489e-01
9.985544090090874292e-01
9.997862786350006914e-01
9.999823816555245548e-01
9.934027539373457838e-01
9.997741519750000805e-01
9.889232470601648783e-01
9.983262058973831898e-01
9.997854593581469995e-01
9.996796540962458177e-01
1.393809923746141544e-01
6.871352393972521289e-02
9.999356583458117731e-01
9.998048268041574982e-01
9.998755997754121827e-01
9.996580412518012437e-01
9.997980793824798873e-01
9.994415177910289660e-01
7.453772610620398309e-01
1.968601605086438833e-01
7.846945644183200841e-01
9.996342282308131599e-01
9.993039088487020161e-01
9.999725152006243567e-01
9.999885215885078171e-01
9.997087523793883879e-01
9.990337781811806650e-01
9.998973063308593812e-01
9.998143655892793857e-01
9.999919019881823301e-01
9.999657569059591244e-01
9.966142342387692699e-01
9.997872257934106166e-01
9.999125561600563650e-01
9.999114306503565919e-01
9.981638836641909540e-01
9.998848561532659440e-01
9.998958405301672236e-01
9.999336736159818440e-01
9.996386271762702780e-01
9.987621690057775226e-01
9.997090707425565492e-01
9.994810621476403201e-01
9.998812798218039699e-01
9.993801266927948568e-01
9.942352936795205709e-01
9.999857629189234931e-01
9.999626189794107445e-01
9.993790175198549175e-01
9.969766347679320795e-01
9.999832733116748029e-01
9.999965033492099753e-01
9.999063562206594868e-01
9.998598003883544250e-01
9.999369014159347202e-01
1.014173574006086709e-01
1.721225163377696488e-01
5.778455308236174481e-01
2.343178589553013627e-02
8.877695233502806982e-01
9.998511936535194877e-01
9.998018014068824622e-01
9.999892873383294800e-01
9.999123534018957704e-01
9.999737095757471605e-01
9.985760701534985850e-01
9.999438571479498661e-01
9.997207571047161956e-01
9.992382704879887445e-01
9.997238201819069747e-01
9.999017498083042632e-01
9.996937181270235673e-01
9.999180100936920779e-01
9.999568292046818740e-01
9.999830861224137113e-01
9.996862899306609984e-01
9.997950463992496539e-01
9.999731513594826149e-01
9.999158998568673518e-01
9.997601332297880727e-01
9.998449311389758787e-01
9.998878625321047098e-01
9.981817684353775366e-01
9.963828678585190390e-01
9.999744537992514282e-01
9.999600634094086837e-01
9.999635598980433082e-01
9.873982441767497065e-01
9.977822259710596997e-01
9.975344028364814264e-01
9.965254685707521931e-01
9.999264827388035792e-01
9.978885793819373129e-01
9.999496504378426742e-01
9.998918297032045599e-01
9.966453668325051529e-01
9.999899744876398211e-01
9.989422626920941850e-01
9.982734267220948476e-01
9.999857579373249150e-01
9.998558483514975448e-01
9.999382035550623549e-01
9.999700313754216197e-01
9.998526875137890846e-01
9.999689575031702748e-01
9.999842971048307216e-01
9.999825710002389068e-01
9.991221187358393374e-01
9.999827874548827822e-01
9.999176614923800388e-01
9.999827514283937679e-01
9.998403702648155367e-01
9.998266336868943949e-01
9.996365270912217493e-01
9.999521006495742936e-01
9.996239421170859396e-01
9.999912568698131610e-01
9.997231909167670905e-01
3.727743098828630308e-01
9.999690804278063005e-01
9.999630720264252037e-01
9.999894304049703475e-01
9.999703662209666888e-01
9.999895582525137883e-01
9.997569239644860106e-01
9.998187691872072458e-01
9.998510587340736500e-01
9.998385990910458876e-01
9.878318318000320897e-01
9.980081909139265628e-01
9.999910489567267469e-01
9.999873771848639681e-01
9.999583257587844054e-01
9.999541620452551127e-01
9.999965685957463712e-01
9.999531533839406405e-01
9.446860420049626450e-01
9.998209243795971313e-01
9.997271934771496671e-01
9.998422540517963863e-01
9.982387687152204370e-01
9.998080281012399206e-01
9.999326916184347880e-01
9.981910889141220045e-01
2.475101243874498671e-03
9.996665906364162746e-01
9.990816362491968805e-01
9.991708685222218111e-01
1.501513614635925087e-01
9.999843923932150158e-01
9.998485506285442748e-01
9.995065184806978253e-01
2.150883342635550588e-01
9.999373806792982711e-01
9.999802754930489090e-01
9.987147911531258915e-01
9.998860251799430721e-01
9.670015574429243754e-01
9.999762987095589528e-01
9.999959522197733319e-01
9.999577298259987312e-01
9.997753622329813572e-01
9.981196114305109779e-01
9.984542152119746383e-01
9.880486673640545003e-01
9.999860255670244280e-01
9.998588898681377568e-01
9.998496315998257611e-01
9.999475260901951046e-01
9.999779435930024052e-01
9.999418107714643789e-01
9.932867230686672766e-01
9.540987822574864552e-01
9.992961659958867759e-01
9.998710539862880609e-01
9.996571495188216749e-01
9.934105949993448093e-01
9.997773515520381737e-01
9.996123224441567645e-01
9.997391331868666908e-01
9.994833512868483982e-01
9.999217154328795543e-01
9.999315608774972386e-01
9.016878045915673878e-01
1.322613281626147108e-01
6.640374096894294882e-06
3.214849786643341433e-05
5.643694414160431390e-05
8.238579151492245178e-03
6.950568730174356809e-04
4.039464687591487468e-01
6.539068436217506872e-04
4.087382709013827331e-03
1.454283624386632940e-05
9.790370334468894212e-06
9.999590189114030414e-01
3.214224673241807689e-02
1.623754349698424554e-02
9.955630032762104886e-06
3.124997218641293872e-01
5.236716034310575849e-04
2.241094954957888001e-04
1.292005539957323708e-02
9.914388968599416874e-01
1.485280943950293038e-02
9.712179870630728296e-01
6.688911222285677527e-02
1.015476133798214331e-01
8.029519854939999313e-01
3.229268871346980402e-02
3.334691082519803253e-04
4.035541678138078459e-02
1.156126558869735154e-03
2.648937469011252571e-02
7.691110116588122381e-01
8.741824269340643383e-01
7.018088160518662355e-02
9.998123832111837084e-01
2.182488925812914185e-04
7.190911260429665441e-01
6.241584705780947031e-04
2.437126936785235023e-02
3.133450958812064591e-01
3.085890203688663796e-04
9.536889814226376938e-01
1.398334146423951948e-04
3.473220744387889303e-02
2.192177087232664249e-03
9.689064641211104778e-01
1.470677220713360878e-02
2.429816516244217425e-05
3.466818793356839083e-04
7.186991350782020449e-01
1.509639409941052795e-03
6.892588697566364164e-01
4.543204948308313292e-03
4.692058056519943926e-02
2.256102483497975930e-01
2.298041764511982513e-02
1.556800111894337860e-05
4.670932067142230382e-06
3.163524755511847308e-01
1.117544872890538542e-03
8.913860838089265881e-01
9.839295366128150873e-04
5.011067678486659238e-01
1.190247775531122071e-01
9.958826106754558039e-01
6.994913005306604287e-03
4.768771758056258164e-04
4.793800064790999149e-06
1.166423658640293485e-05
4.983776338586666608e-04
6.305412556503510468e-05
3.192958652429820320e-03
9.605114867601718398e-01
3.799665639352703406e-03
4.635534711980946468e-05
7.176127554671557496e-01
1.570351481493614939e-03
2.026572119142870110e-01
5.746226541514761754e-01
9.336873155646426882e-05
1.060630171355877527e-03
1.921984027198151562e-02
7.315606512967969564e-06
1.639628723507529891e-03
7.902114271928528666e-01
2.990371725692324398e-04
4.805060761824340304e-02
9.967437234183101902e-01
7.795286177435626371e-05
3.240557868965753929e-05
2.112576467968801941e-01
7.350617723841091911e-01
6.493450651368771451e-06
1.478462049093369826e-02
9.611032921826389019e-01
5.194693006162553334e-03
1.950818454891941440e-04
5.800628583264512590e-04
1.731665496455983110e-04
1.154181220383522196e-03
1.094320150574131260e-03
7.741283385066242140e-01
1.093413662376843975e-05
9.850522891816397841e-01
1.015000775442903291e-01
3.056134141072426938e-02
5.056223390788250338e-02
1.284178636444675316e-02
3.414762287182582083e-04
3.991450082836178054e-02
9.269411086807954891e-01
3.046538167182658033e-05
3.204766300639758786e-02
9.726003625538433006e-01
3.240241425210544876e-04
2.093630728315753198e-01
2.674741607122881168e-04
9.787314430073604798e-01
4.371987889582066439e-02
3.732294621309268923e-01
1.149496889325909987e-02
9.164941367203888393e-06
2.230345474144950629e-03
1.635860547450527233e-03
1.732621010263271730e-03
5.718249136408304706e-06
6.200796145924769782e-05
1.402256140768524170e-03
9.999840300878917176e-01
1.365806800983584424e-01
4.896742322249908659e-05
8.299449405062506516e-03
2.795001600239935431e-06
1.623979474775566739e-03
1.542850425483973591e-05
2.923853513821699727e-03
1.019662244917806347e-02
9.707336105152429839e-01
4.187657550184179650e-02
6.039698647558553596e-02
9.714526459898497127e-03
5.160379272249483035e-02
8.314398916395445704e-01
9.846562134620374662e-01
4.383546063385683755e-01
5.632044817049280949e-02
3.506064231640559070e-06
6.126600149418316895e-06
5.434411803272768404e-01
1.831423194147716559e-03
3.757471961614502944e-03
8.191147381612251966e-04
1.115138109740751969e-02
9.064730613837888029e-01
4.163836227792931839e-03
3.730516182811768021e-04
1.290307576796679845e-01
6.010468179888470708e-01
8.537032879588710710e-01
9.728664924485959098e-01
3.547120447889581070e-04
1.707174547612389399e-06
4.597710134278093497e-01
4.983177817833971401e-01
1.131588421302132715e-03
5.690112080695429730e-01
5.818416415010140675e-06
2.535492665478161620e-05
9.386931858199104768e-05
8.236647666693592033e-05
2.410130479837480424e-04
2.326804618889757523e-02
5.327236826959803606e-01
9.718383553693153987e-01
7.588884819951023479e-04
9.088246430790318797e-01
5.326564073782382759e-03
4.696956865332091967e-03
7.456229287753960398e-03
1.380493910025184763e-03
1.906687876687565312e-05
4.094416100134702641e-02
3.501648179196604712e-04
6.487617885059094860e-06
1.045842972822543522e-05
9.771937395215661848e-01
1.607016335629972976e-05
2.116267523225224992e-04
3.346665570279679786e-04
7.494125507821896323e-05
4.058361394949243361e-03
1.479694462299895833e-04
6.979945120991968600e-03
9.994472170113777310e-01
7.344993909950777345e-05
4.420015478595589742e-01
4.323712173757811583e-01
3.677685271557848103e-05
6.219332194136842666e-05
8.498657862792914630e-02
3.391182248289512612e-04
1.218456520880837300e-03
5.021492144203349144e-05
8.668473988175071391e-04
6.233472030717484430e-02
9.002486583653775964e-01
6.148297671368959660e-01
1.185212164057909641e-04
2.194445821047198361e-02
1.625742653059572274e-01
9.164318888302460525e-04
1.185978823079781447e-02
2.379170706034644260e-05
1.301370715292333828e-02
1.144001886912464870e-02
1.007261774894254065e-02
3.087505453851525083e-01
2.820240810541838950e-04
1.554927266324957098e-03
1.554078791961588672e-04
9.605237334323878384e-01
3.624083834797366927e-06
7.575916274940458777e-05
2.671618635198105222e-03
2.297002249690653294e-02
6.896503101296360820e-06
2.596466835507945875e-06
8.700929229968204026e-04
6.972474347613729115e-07
8.291663576676285008e-02
8.127400154095155982e-02
2.892752431646895481e-03
1.031788101348667282e-02
4.316031207229378120e-05
3.992559061843378720e-01
1.911461025278517276e-03
1.533268163745068746e-01
1.832265580517901458e-04
9.969533109239213653e-01
7.693542688185225353e-01
4.044948803688711014e-01
4.299988667250662089e-01
9.999301959043175314e-01
9.915480499381311708e-01
1.126175699308700348e-05
4.543263866885496297e-04
1.533858783257225196e-05
2.589531430235543843e-02
3.624274816509994845e-04
1.399456016707837952e-04
1.219517675314289691e-04
9.577423070156048399e-05
5.096640501686163643e-02
2.967313614071072055e-04
1.463052250351948541e-04
4.565231776512694475e-05
2.664420942403170826e-04
3.847588361781288180e-04
1.108736871956311731e-05
7.917901018599032229e-04
1.922687138602539999e-04
3.335233160735064366e-05
2.080937865243834839e-01
1.996825235184500433e-04
8.704183906988314417e-04
6.621944202284028264e-07
5.844553755010419016e-02
8.855456985352474358e-03
3.238522874460847082e-06
3.193406585453883485e-03
8.874409415372006091e-05
2.347056644519869990e-05
2.112311610009871138e-03
2.482231679377436794e-04
1.072594328196107291e-03
1.198611930225251855e-05
7.910164185064270405e-06
1.149129081665404943e-02
9.770750480551783183e-04
3.610352531984489105e-02
4.336083970420022418e-06
3.843396817742848488e-03
4.217734223270512756e-04
2.789275107956611338e-04
6.897213697169220920e-03
1.479738908549379801e-03
4.475972954338395464e-04
1.440780692152878102e-05
1.628033838073676351e-04
1.134513484773693945e-02
1.080472163592884928e-02
5.391490852872683206e-05
5.265509621071689362e-05
8.889741713273642265e-01
1.197058115635097611e-04
1.414215657995995687e-05
1.478847936218383131e-04
1.415151915745804345e-04
2.752729738630128181e-04
5.721509000037665604e-01
5.811562264343464457e-02
9.597561633835675898e-03
2.858835080570914199e-04
6.492386927163591075e-04
6.550680304679463864e-04
3.732296988796138882e-06
4.389907133279030357e-04
1.121445398908901619e-04
2.300181652214443740e-04
4.843651825433846660e-05
1.545341800573133599e-04
1.536836459361908859e-02
7.773062611554145218e-06
4.179267810926982213e-04
1.242837329470606739e-01
1.299907060224764765e-01
2.773232341977085666e-02
7.035050770932523692e-06
1.032606003095334847e-04
3.643854620370441388e-01
3.804816655530004663e-04
8.118178253127582896e-05
3.805132384534595270e-04
4.718258929218941018e-05
7.466453908202816403e-02
1.054441765018179940e-02
4.556184327989559898e-05
1.391754994288641347e-05
3.967595644007509758e-05
8.555035865264724621e-05
6.457990551471561166e-05
6.357834150711855030e-03
4.106301261751886533e-02
6.152279979737460512e-04
3.234565256152158175e-01
3.555482455870651037e-02
3.187920024437034677e-02
6.226311307803652620e-06
1.504967759295461685e-02
5.064605332940271820e-01
1.636122417733886544e-04
1.175017182517296829e-06
4.874293609481958773e-05
5.378148821485681519e-02
2.113223331288300189e-03
5.729602419889036193e-06
4.067136460632470295e-05
1.395191850149614821e-03
7.755194220369168812e-06
7.910698680980487519e-05
1.578417894729045054e-05
2.491743868755759103e-04
1.239949465194933598e-01
5.467758593339296937e-05
2.662399004814671854e-03
1.406540416859830469e-04
2.511166820179471220e-03
2.984321639311959123e-02
1.249617396599479778e-03
1.518721705546851415e-03
1.508942224947624209e-03
1.832455726504102027e-05
5.286136499064390381e-05
2.700709841868653704e-01
5.381541218769024483e-04
1.681370177283774414e-01
8.661924611280292109e-04
5.571452470085909827e-04
5.699889403156567676e-03
1.085704940873656599e-03
1.840648484909463214e-02
9.044311021470369510e-04
1.301786478220879110e-04
3.525713331164375131e-01
3.036804010228671795e-03
1.039928982822215832e-03
2.881757660398036585e-03
4.755884384053457592e-04
2.676244866515749385e-04
4.315549254564275163e-03
1.662617939396029846e-04
7.492599602057132841e-04
2.740218764265063989e-04
1.771574644126610925e-03
4.515955493808019477e-05
3.330444817573669641e-02
6.071846195325904911e-05
1.564232526195853635e-03
1.271417027142709034e-03
8.065391813710939221e-05
3.363112885871489405e-02
9.950379902249171238e-01
2.592501948799985043e-05
1.062575572141177788e-04
1.089925704196660933e-06
1.840370054066966629e-05
8.841619371896844264e-04
1.215024635056235748e-04
2.756521460854696043e-04
6.072887578982997733e-03
1.623980308979475163e-04
5.218971477953827819e-06
1.679970086079319105e-04
3.869072141233258146e-04
3.860540153100978488e-04
2.298045458281096991e-06
5.394871197347096215e-04
2.050444586029742916e-04
7.987846440296681653e-06
1.312158287962996665e-03
7.091553055396138420e-04
1.144754237062785849e-03
9.246218592561510768e-04
2.121575522015096329e-06
4.886944335357823813e-05
2.464655315865378934e-06
3.387652375695423125e-04
3.401426332221653328e-05
1.090925193255426820e-02
8.352322681654377064e-05
2.149035483342573993e-01
8.025258492900263721e-06
1.360701492027857227e-04
3.932727233804274021e-05
2.485840922253518642e-06
2.359215247854868489e-05
8.645859030377580634e-01
3.335016095639551370e-01
2.495992003472574812e-05
4.200634028316637542e-02
4.421730889961515525e-03
5.244992565360930351e-03
6.359932690316594318e-06
8.887210190855664160e-03
5.019629741258169056e-04
1.069758026460951306e-02
4.837601893898046262e-02
1.441375936973884441e-04
5.113559680840724453e-04
1.066773459793842025e-04
2.809957775941344027e-04
4.030724721262928466e-04
8.439022221492816092e-07
4.721109217937298659e-03
3.846370982726458773e-05
1.239298123629551046e-03
9.014541868932839086e-05
2.312767725869543519e-05
2.890367202091265647e-05
1.314182497879575243e-04
3.493056417143413370e-04
8.051898630871222437e-05
4.713906839652552125e-05
8.613056938276817174e-06
2.861226167737793366e-05
1.921672204587957552e-04
5.174428702692291819e-05
3.890385003141325071e-02
2.074645500876228367e-05
1.450893221010774977e-03
4.186169561063425304e-01
7.536811112251337813e-04
2.868458829600247385e-05
8.652876595246182523e-04
1.113403557980880421e-01
1.433341558684159351e-03
1.273555481310811627e-04
1.367083560301498838e-05
9.173663593653152981e-01
7.705798599608192190e-06
4.884606986351092459e-05
9.897286941508608854e-03
3.982925063673856125e-03
6.959305414410530896e-03
7.834081416666296039e-06
2.381607456495541829e-04
7.774890314679826209e-06
9.118861929467189491e-05
6.611553753106446107e-01
1.494745703186762739e-03
9.497712503214844311e-04
5.129046783441209130e-05
7.072702600913390383e-03
2.475905688880356437e-03
9.334652637233881167e-01
1.472887872528535758e-01
2.566077230197267764e-04
1.834414534777938164e-04
1.838159382513478808e-03
1.825780593154653977e-02
2.757340327973655247e-01
2.797314462764292995e-03
1.102032467543103898e-05
3.558973038431921543e-06
5.544981878712308904e-04
7.063494122737353561e-05
9.670897780899173770e-06
4.549471090011834927e-04
6.114819106255074091e-05
3.211410676446888133e-03
6.851931674018438279e-02
4.170360980619152412e-03
7.013938318746975155e-05
4.675528872254167633e-04
3.001024143717204076e-03
3.694759078010220830e-03
3.616702543730496189e-07
9.291901393830684407e-05
2.285021875720633167e-06
2.588757068288910241e-03
6.908468113037150894e-03
7.113923711739889326e-04
1.271332087827129749e-05
7.069431901904495996e-01
1.022179061145221400e-05
1.517685132343669398e-04
1.430683951362260757e-03
4.552403077601822698e-06
3.295551512796696705e-05
1.399456350380518909e-04
9.642011686514528196e-03
8.648756412810137961e-01
9.223705511528854225e-04
3.217017267230431001e-04
2.482771782737675420e-05
1.082048012705204149e-01
2.103892965822468791e-02
2.408659831572879939e-01
4.687737114929966559e-06
3.434344200838776960e-05
2.333357831609684640e-04
3.191493107393234495e-04
1.924658193899113877e-03
1.428541639504828445e-02
3.122752366011718561e-04
2.956394891058030522e-04
5.311276049522782594e-02
2.898241739509678505e-02
1.123652584139331817e-04
2.857401429038885704e-05
9.034834472990461871e-06
2.466892370761539135e-03
2.642739974655469899e-04
3.641765831967780920e-01
1.008953073379677962e-02
1.060023574596863144e-05
8.113192162129385931e-02
2.968050397960831363e-06
2.764853270255715218e-03
8.216118634954827768e-04
3.276172610725650871e-05
1.347252844151708667e-04
9.915738655505237364e-01
1.547530017290995978e-04
7.329829965299841524e-04
2.168137733256896710e-02
5.194808609945009625e-04
3.224431092053135772e-02
1.760141581428515962e-04
1.573168828248986545e-03
2.053822253249549656e-03
1.404869557097123203e-04
2.373060177995447574e-06
1.509240505065610662e-03
1.114443324497243430e-03
6.250173740970215450e-04
5.926567431551708909e-05
6.795755042615472252e-01
3.060645610661569699e-05
4.503065376646166266e-05
1.435057795080259334e-04
1.144263624695681595e-05
4.298114101456672331e-02
7.818639217714905276e-02
1.439354242937681530e-06
1.254969959122127028e-04
9.358615993341864905e-05
2.665260014902586026e-04
9.208250032478484763e-05
1.477785824325358963e-04
4.594696306711426982e-04
1.164584388270276962e-04
1.244484382823403369e-04
1.461048645724523224e-04
3.153803289776543417e-04
1.714137369678145331e-05
3.340593918378757256e-04
4.634341358219332715e-04
1.503494081677480719e-03
1.913199680049211364e-03
1.360300567108795332e-05
8.935288103540581922e-03
7.215974285065681292e-05
1.548949503921104700e-03
2.746125578643847983e-03
1.551968487733933460e-03
2.937722117827324428e-04
3.580154757305085148e-05
8.531523002820516621e-02
4.607204117842685423e-05
1.498495116404050323e-03
8.476487776445221469e-06
3.844835924984566500e-01
1.290075178356426544e-01
3.406263622291713471e-03
6.904112298335968027e-05
4.422330850087692221e-04
3.443577618731677929e-06
1.481938269952685124e-03
2.869901176286449376e-02
5.260187436668981671e-05
1.241837594467640345e-04
7.653438546232247622e-04
2.593257484278346960e-05
2.645706044369778524e-03
7.459137133697799809e-04
4.339720703883390629e-04
5.291263573750130890e-05
3.507948236509962625e-02
4.757820697841258582e-04
9.044606663694613167e-05
9.783427311671113319e-04
2.394448820607190953e-04
9.868388510635402050e-06
3.184578880155194660e-06
5.650122952695834158e-03
1.039713208552363460e-01
9.391734840749397075e-04
4.264918412878277522e-05
2.811279077152227637e-05
6.679935342341886078e-06
3.997071210866090692e-03
2.479512835043858401e-03
2.802166570787671717e-04
8.926251299717745261e-04
2.014899048885255284e-01
2.849267390333526514e-04
3.567357692384155038e-02
3.388003766687478911e-04
1.361075504554170093e-04
8.033944747348626130e-06
3.889286667581665557e-04
6.868726045348483343e-04
1.787270360052220551e-03
2.263957591387029660e-04
2.700435382520659407e-04
2.782138588593206793e-05
2.846703059230315871e-04
9.458643827440202822e-07
1.625780046248770025e-02
7.218497016743921635e-02
5.119971581149138188e-05
1.388086573062823417e-02
5.007452924159380009e-03
4.494803027209348829e-03
1.286483660098734945e-02
1.544171411086070944e-04
3.586692728755575357e-04
1.268656822104672829e-02
6.844573286655871195e-04
6.781490480934069739e-03
4.767220714025689234e-04
1.563077502637853538e-06
2.538842781226463650e-03
2.059652816923116723e-05
7.817366560969895607e-04
6.827516036552358199e-04
1.169093951046007717e-04
1.774793874903572363e-02
1.167254886484735410e-01
7.226887144227831699e-05
2.095404018198685056e-04
9.874486741116898997e-05
3.864740929292101169e-05
2.633309190517841430e-03
3.766081661605058290e-04
8.391540772770348646e-05
8.962188445475094856e-05
3.334135432124062451e-03
1.569901670621654248e-04
1.556911576323055102e-01
9.663109892475966189e-01
3.724384900272228914e-06
1.115739196289730895e-01
3.015946616743445628e-03
6.236589469129719403e-05
5.349880768550786380e-04
5.039709009689184727e-02
3.898551250818891689e-05
8.954422515843468711e-03
3.933966058540066786e-04
1.158101994087911042e-02
3.501219165871629086e-06
1.384367970665632346e-05
1.282787343934085607e-04
3.019389123382459211e-02
1.053447130313081912e-04
9.464279467227398185e-05
8.810661135316020718e-06
1.182292049822922171e-04
3.906756984217763006e-04
4.997672086739162606e-03
6.181421215068634274e-05
3.892117430480422418e-04
2.761811573348206181e-05
9.718017643717104595e-04
1.127155602462918873e-03
1.467875458203574254e-03
3.294948001108613002e-04
4.232868397866419372e-03
2.558411617498933255e-02
9.753856687887915179e-05
1.003518537801784717e-05
1.990302867360752449e-03
1.072230231412789727e-04
2.131319673259028194e-05
9.605878890106387402e-01
1.765746414648246498e-06
7.936964175166801860e-01
3.208655349647822016e-04
9.205095264274796909e-06
1.859692434107657131e-04
2.201275810691065723e-07
2.497858973544178840e-06
4.921099005221312717e-01
8.134117544771335417e-04
4.919594135287436615e-05
3.995682909777640126e-04
2.229999941711157275e-03
1.210987611061303121e-02
3.440361065176048873e-04
3.811114396209087452e-04
1.259878466801728648e-03
3.898826938317181533e-03
6.285699646605804117e-03
2.848815056449905173e-04
8.015260570518184524e-03
1.188543955656623866e-02
1.275349003705573275e-02
2.902001293949400000e-07
1.649944623594569405e-03
8.796868924514774041e-05
8.434812235946623771e-01
1.024720611703617244e-03
8.478239138176849510e-05
8.269389551287329029e-05
1.914795531213624744e-04
3.695542702777308120e-05
1.754174835942454093e-04
4.278847402885866416e-05
9.021501717386978076e-04
1.663208908000883429e-05
4.164315180932158419e-05
2.178677117972601263e-03
4.151325237728188677e-03
1.704298467500947253e-02
3.748152901320657426e-02
1.768962875315209515e-01
2.475616421274318631e-06
1.635449316113819079e-02
5.548857241233489269e-04
5.406443696766498462e-06
6.310707132254351603e-04
2.135629669782955714e-05
1.757201665945915339e-04
1.224439077113977283e-05
1.805297314673510371e-04
1.274024084106426100e-04
6.411716020434505246e-05
1.788879629800643658e-04
1.511260844919170430e-05
4.763188333811149201e-04
1.827452380245332155e-04
1.488072517174227982e-04
1.031339941480472616e-03
2.574318657438550459e-04
2.610028413705275084e-05
1.754539168051267185e-04
1.904393345451635966e-01
2.978026042943706514e-02
2.729742785411617330e-05
2.893873910019527113e-04
5.017983111484801320e-05
1.079098419635780154e-02
5.632764940973890499e-06
3.518583493137806672e-03
4.218064691600567444e-05
3.370624699868191021e-02
1.386737196129851456e-06
7.897381884573398013e-05
1.960886291960642520e-03
1.061267678381866073e-02
7.721953017626429112e-03
8.369585083060881439e-04
5.234010026295562393e-04
8.016914461139136583e-02
3.656304788637841099e-05
2.016278000504129761e-05
6.103521939286574074e-04
9.121422597406500521e-02
2.442756350683756694e-04
8.495258082454510556e-03
5.455042731130713704e-04
1.354646441065066780e-03
2.379425973536716473e-04
6.337115788347518494e-04
3.068557881604121407e-05
5.600306924007284170e-06
7.566582457349334706e-07
6.611767438638007158e-04
1.194601111782830037e-02
7.017531272107850252e-06
4.823785270390699471e-05
1.253705569230551182e-04
7.474082426882033142e-03
1.406284859761534152e-03
1.307540481057991992e-04
1.472526104959925506e-04
4.194274531953993576e-06
1.481723779428963092e-05
2.330658890669647793e-02
8.032677866480236739e-03
9.722131739269918583e-06
1.756070675792524842e-04
5.751350377884010233e-03
5.610859247347848439e-02
4.485425984962120895e-03
1.809131163544130505e-04
2.447273508444311203e-03
4.113881310533456918e-04
1.508489471036481965e-04
3.726812093706703490e-06
1.159763442756149088e-03
1.825280564260004261e-03
7.733403344419119820e-05
1.021486343124439504e-03
9.995997777751412707e-04
2.983121064091244176e-04
6.798523376356428553e-05
5.924803105523583982e-04
1.427932566384975083e-04
1.636515195370735276e-03
1.492457681848918078e-04
1.744924719692017047e-03
2.159705629027322140e-06
3.226328790856106718e-04
1.738928476623812945e-05
4.339461262673893483e-05
8.493260550628470180e-07
4.020642332161714771e-05
8.114521785681136335e-05
2.732732090556380319e-02
8.099738054402862153e-02
2.558161770516407214e-05
6.937222514932312626e-07
7.084737266871559704e-05
2.997158847569588933e-02
5.365615624841632749e-07
3.626198008582666003e-06
9.080986081398693868e-04
7.627163244917225886e-05
2.179204909706883033e-06
2.430425565843931898e-06
4.012753946256720813e-06
2.515834290437401989e-04
4.093471128845019535e-05
2.279062812779993150e-03
4.652566450234886519e-02
7.428105026266971188e-03
1.644446599581050644e-04
8.182289659252647677e-05
4.131452035380344653e-05
1.754911051368935666e-05
8.633088652614019924e-05
2.230176335023959910e-04
4.619368356447501911e-05
8.324737280964162114e-03
2.281465801057740395e-05
3.892938156692635210e-02
3.815574392215733839e-05
1.902829418142592090e-04
1.144702176890956179e-05
4.496474632009451561e-06
4.441686283805625080e-03
3.362266789086226955e-04
9.179547636377469091e-05
4.128687258022923365e-05
2.433687462451955322e-05
4.186117378804737887e-02
6.254557276758970991e-05
5.904548243262855087e-03
2.766356239047712591e-06
9.413436818220612156e-05
8.768887455011507045e-05
4.637527794157193578e-04
1.137957747929885737e-04
5.189740829563228852e-03
7.737237023273815274e-03
1.321938154755139788e-04
9.540379866190815114e-06
1.755121788832673122e-04
4.874343791369907121e-06
4.539534349956054170e-03
7.655702576546330115e-04
2.487960110527355061e-03
8.653154501506098400e-05
4.174459370257380467e-03
9.521790352846678661e-05
8.130060586977032322e-02
8.285875424745381065e-03
5.571239645845153104e-02
7.612215315829042039e-03
4.615781465326731527e-05
5.406162018976505210e-03
2.258057258644524513e-05
6.384104762599192816e-03
8.633851580233587703e-06
9.593519407101641750e-06
4.397481936277499202e-05
2.807008033399251189e-04
4.127351470015756807e-03
2.812487888165624179e-03
3.025944579189050279e-05
3.779524692928117806e-04
1.169028072730434777e-02
1.948169723220545577e-06
4.314556282968718542e-02
2.764441208441284709e-04
1.987264077686436148e-03
6.843654868382637377e-06
2.222498414086019106e-05
8.639227835273132969e-03
8.138094752035426811e-06
7.947730808132652070e-05
4.020380991654403097e-06
1.124051089185341273e-02
5.195399526904705671e-05
3.153118526770742391e-06
3.805015061021358754e-05
4.537207219334805116e-04
6.324344852113692893e-05
1.753744319833806580e-04
1.306435868247640131e-01
1.091367228278907023e-04
1.433686524695823236e-03
3.385827623978853503e-03
6.420889925463359963e-05
4.854737271630517152e-04
9.359202064655809672e-02
2.343976017684389415e-02
1.507189147342647502e-04
3.045727381218081786e-06
2.198609647016111827e-04
4.357043124318641541e-04
2.523500135596541062e-05
2.581280708496549656e-03
1.326024832450807500e-05
2.877063161357053603e-03
2.070111222852016525e-05
2.631224265455518963e-05
5.530575095295359552e-07
3.183320614607413259e-07
6.287053996372400473e-07
1.608544495413634053e-05
7.031398120710798167e-07
6.534025990507540192e-05
3.753373700222534852e-06
1.233025559018958246e-05
2.111811380484677136e-04
4.963260257591152637e-05
6.160036600755848524e-04
5.846771205701017807e-05
3.209731607460031017e-03
1.227726354262779216e-03
5.991553855233541755e-06
1.664683344117343559e-06
7.343845703594763176e-05
6.315894972370877936e-01
3.170438172879631433e-03
3.459616668854486953e-05
7.923195428312320571e-03
7.617614070373049709e-05
5.286794209751015643e-04
5.616073122926419604e-05
2.104004983218401502e-05
7.234619509328092798e-06
4.731192516763990083e-05
5.981306871448583687e-04
5.510932390727885880e-04
1.535173092780207265e-03
4.948139016795105507e-04
3.753449335748811956e-05
1.265433537585657076e-02
1.052782397842293161e-01
5.899664437538350379e-04
2.227255485133406137e-03
