3.815379263759063454e-03
9.830862609538946195e-01
9.844904293199411294e-01
9.515168234401671921e-01
9.864499900353895789e-01
8.508682075833678971e-02
3.097328903279824089e-04
5.938618271432646867e-04
9.994528128494609698e-01
9.974364312504262475e-01
9.998790805566807327e-01
9.183356595722028670e-01
9.875274604612350737e-01
9.998013060817348974e-01
9.995548981663465726e-01
5.400592982685852306e-01
9.992825235399405148e-01
9.997388922035418402e-01
9.995363272051832615e-01
9.999990709993971105e-01
9.999585066475024098e-01
9.999915218069034273e-01
1.689249196558229860e-01
9.998660874544181842e-01
9.999933499646371793e-01
9.998472132261296830e-01
9.996578339513203515e-01
9.971891901119313006e-01
9.999809315851595493e-01
9.999129494994215550e-01
9.999906690473470139e-01
9.999809927505468599e-01
9.999946718772654286e-01
9.994123757558198706e-01
9.999950525703832360e-01
9.997447337626853558e-01
9.999264830847488517e-01
9.999990941170240344e-01
9.999788432829586071e-01
9.999857318362832537e-01
9.986693382188456258e-01
9.999974559696045429e-01
9.999633097992675079e-01
6.559993367185577018e-01
9.997066055612768842e-01
9.994598722678059710e-01
9.999672429988173405e-01
9.771805496080362419e-01
9.991078295536163223e-01
9.964276793895558981e-01
9.868294523918256234e-01
9.999885372765338065e-01
9.997990803484674283e-01
9.997561537257134701e-01
9.996296707309723084e-01
9.999542281145001876e-01
9.991537211268565200e-01
9.984983187428611018e-01
9.999740119496393076e-01
9.999417995203898624e-01
9.999398572878100966e-01
1.322457119749682539e-02
7.419070090179382022e-03
9.572543912715768544e-01
9.160129985605481862e-01
9.999361402508769592e-01
9.999847565647390635e-01
9.999864886122357133e-01
9.886762221599634248e-01
9.989418095589669422e-01
9.713364643848180213e-01
9.113087272445669074e-01
9.989911491121240550e-01
9.965193130348940498e-01
9.998995215841566253e-01
9.999979507486501662e-01
9.999368831149033632e-01
9.999700415350905036e-01
9.999839970225792296e-01
9.999967260582705020e-01
9.997521420479467125e-01
9.999858233112631778e-01
9.999258428061931214e-01
9.229094533443717996e-01
9.995648387495289500e-01
9.997996517347615963e-01
9.997855081020705637e-01
9.996956855897201066e-01
9.992305563024311832e-01
1.744122130007912108e-02
9.990727378388252200e-01
9.928272640910450475e-01
9.999925964983723548e-01
9.999972166632448145e-01
9.999730410555273119e-01
9.999963972137664303e-01
9.999917953332987386e-01
9.999874317274621838e-01
9.999640408670184000e-01
9.999966368230541747e-01
9.999967546920329742e-01
9.999707093870086050e-01
9.999919385667953575e-01
9.999909268577694688e-01
9.999899229189186389e-01
9.999307465468419975e-01
9.999798397139472161e-01
9.999466981005420418e-01
9.999767707061895106e-01
9.999882860085541614e-01
9.999891041686764792e-01
9.999865213849059575e-01
9.999970108601133889e-01
9.969173989288071525e-01
8.920755130671254030e-01
9.958166837069573063e-01
9.958554771830882002e-01
9.460326460512201718e-01
9.991137877202065365e-01
9.999809441615005179e-01
9.998527678906747873e-01
9.999765418552023499e-01
9.999848224814660291e-01
9.715123198914890068e-01
9.999756323967479155e-01
9.999926444736412234e-01
9.984615976454520592e-01
9.999920463328887399e-01
9.479960592946705678e-01
9.999314222585751200e-01
7.775242206972589054e-01
9.987590197480610277e-01
9.999412055871761407e-01
9.997884529379146290e-01
9.999424823055800271e-01
9.999813862900301942e-01
8.010110492741329136e-01
8.076018450048133568e-01
9.810933665362274805e-03
9.998805802419403754e-01
9.999028687810099791e-01
9.999981148291998689e-01
9.999930526010565313e-01
9.999150268039088685e-01
9.998365385203971112e-01
9.999931800873630428e-01
9.999958078693030883e-01
9.983747624475820537e-01
9.999942970884035942e-01
9.999869747614088533e-01
9.999619274614619524e-01
3.885343777327079362e-01
9.855537248072125944e-01
9.609688861446031849e-01
9.997193671082681421e-01
9.776639193890936941e-01
5.402588080342755061e-01
6.626440244367163279e-01
6.646488639709970947e-01
9.999064066362466363e-01
9.998533602530900177e-01
9.996974143474394170e-01
9.999640108339761246e-01
9.837080293343382076e-01
9.999623510234691981e-01
9.998070433358440257e-01
9.999875734117533721e-01
9.996439326922478275e-01
9.978911335652730363e-01
9.999897773989461225e-01
9.999656084253495392e-01
9.999942751439935273e-01
9.985291879278561655e-01
9.901758189350861050e-01
9.939749530366541741e-01
9.892791418755563226e-01
9.981401415376275343e-01
9.999839761349218481e-01
9.998335811980113563e-01
9.998818510664427839e-01
9.999591990892638949e-01
9.999777108432369443e-01
9.995053172755966608e-01
9.999785547401438546e-01
9.994065454807522508e-01
9.996681961019436846e-01
9.997780745126412238e-01
9.966632530259229572e-01
9.996937821891135334e-01
9.999846768596962754e-01
9.999129486582908344e-01
9.998982869075097035e-01
2.950361141278243227e-01
9.999689703095626658e-01
9.999987288214026160e-01
9.938764375471645929e-01
9.999042478886925878e-01
9.999604748259971476e-01
9.765480594225111055e-01
9.999518739785484556e-01
9.996803168867753886e-01
9.996250292953455796e-01
9.992951956297884131e-01
9.999519714909737012e-01
9.999413337253116874e-01
9.999701636387894332e-01
9.999832809054836069e-01
9.949841055762838060e-01
9.999691442248538342e-01
9.999214439369789043e-01
9.999945195174050339e-01
9.999742267981983623e-01
9.999933683569880438e-01
5.851582070396625923e-01
9.582344365632752270e-01
9.976272562911113750e-01
9.939626035097913759e-01
9.903092494560435943e-01
9.267583898057225600e-01
9.998003681154359334e-01
9.996154910810709504e-01
9.999478284020081320e-01
9.989710327853978944e-01
1.101087238698968818e-04
9.999921591959045619e-01
9.999890892665264097e-01
9.999495675932782435e-01
9.999543638751359209e-01
9.998957151401127730e-01
9.998651115792719368e-01
9.999954992065801518e-01
9.999982933391536877e-01
9.437020404790334993e-01
9.973828498557911759e-01
9.945371914326706086e-01
9.508722469525979770e-01
9.979871702397624667e-01
9.905403801062803160e-01
9.798218515707621812e-01
9.890944331391664512e-01
1.292098879582338593e-03
9.999346008836661470e-01
9.999646177866531316e-01
9.999988517118102438e-01
5.998699779170031388e-01
9.999820319149709258e-01
9.702242107132611482e-01
9.999976045680729619e-01
9.999357586972599243e-01
9.999992855067691977e-01
9.999693908379331253e-01
9.998826743682146523e-01
9.999038527953091338e-01
9.997573715264744809e-01
9.994050933083741262e-01
9.795459992312255393e-01
9.999910534335814116e-01
9.557685394006916191e-01
9.999644724881677771e-01
9.997196436982636047e-01
9.980420605957226465e-01
9.984190221493439710e-01
9.507017997529432218e-01
1.294586495261506459e-02
9.777113385272598878e-01
9.979989604223697963e-01
9.995779495539935944e-01
1.431625268460267886e-01
9.959417647652030192e-01
9.572893086536583551e-01
9.851451262908684781e-01
9.790563668511397255e-01
9.999886750945601310e-01
9.999500678542302401e-01
9.974136613783363137e-01
5.082895580631150434e-01
9.999923127478291818e-01
9.985834042616568151e-01
1.007792653495778870e-04
1.757823657727261568e-01
8.629193064119849987e-01
9.999438817575698746e-01
9.997333525750615735e-01
9.999939283255037115e-01
9.999896214475921807e-01
9.999579488652892145e-01
9.999909590360689382e-01
9.999325621280553689e-01
9.999733492098284993e-01
9.964258294344592315e-01
9.995303993458799496e-01
9.995072872005064113e-01
1.300893944241877410e-02
9.999094917777215930e-01
9.999710474762480983e-01
9.999881034573538940e-01
9.999866882655868983e-01
9.999953119069063812e-01
9.993301133212443288e-01
9.998777714357888202e-01
9.999960100292268894e-01
9.999346943595346371e-01
9.999929065908448322e-01
9.999101633021520996e-01
9.999441715776923312e-01
9.995013224162128118e-01
9.999926716156702922e-01
9.999927511263148050e-01
9.999975088695043368e-01
9.053893495680160886e-01
9.360980095965751868e-01
9.999831802843089923e-01
9.999250521437934580e-01
9.999958307339130714e-01
9.999856681454037943e-01
9.999985243198408202e-01
9.999645873891606085e-01
9.999903192359673731e-01
9.999931039203041605e-01
9.999994494583992477e-01
9.668886676912581413e-01
9.997688408150056105e-01
9.941602046111490676e-01
6.985633425607096214e-02
9.811729852857392631e-01
9.388733940963160940e-01
2.028587345923189011e-01
9.852156411173574879e-01
9.999314290770764391e-01
9.995693479920066959e-01
9.997921913330324317e-01
9.995365632654955590e-01
9.999655361265330500e-01
9.887697807479850498e-01
9.998225927714617933e-01
9.997701958860391036e-01
9.999790218904093253e-01
9.998424898776377967e-01
9.998893601228723282e-01
9.995316422791235000e-01
9.950632637745626674e-01
9.982881256918934021e-01
9.522314018655720913e-01
9.999696426359389045e-01
9.992582509797671708e-01
6.828360036069164307e-01
4.265314263968891101e-03
9.573137759534724456e-01
9.849539652550505231e-01
9.998433039385028476e-01
9.999974033748116886e-01
9.999832720646334439e-01
4.133205250160323363e-01
8.823903177687395516e-01
7.617843270350401763e-01
9.978512828555038405e-01
9.992437129098390436e-01
9.891324058001564890e-01
9.994650578056440970e-01
9.999796520014530010e-01
5.931467208764183187e-03
9.982060916682492513e-01
9.931424129311737792e-01
8.841039540540043262e-01
9.955161255788272934e-01
9.978677182274903190e-01
9.999914072966120671e-01
9.971965066394675725e-01
9.948010295230125255e-01
5.074138811601409949e-03
9.999627108099226058e-01
9.997467735856432336e-01
9.999660650670725293e-01
9.960255343775842318e-01
9.999824752031440944e-01
9.999902942956032659e-01
9.999379718221625968e-01
9.997961753554143183e-01
9.999748174230057574e-01
9.999921488704184291e-01
9.999746630671102476e-01
9.950108902114459530e-01
9.997300527604566778e-01
9.993614260797643034e-01
9.996254794913491670e-01
9.998907505455543188e-01
9.999265688684728648e-01
9.974124681931874070e-01
9.999732218099269820e-01
9.618465577561733371e-01
3.868947619003352822e-01
9.998823943797685576e-01
9.996386692800768303e-01
8.746099951218894164e-01
5.904442333162428502e-01
9.995499815987561876e-01
9.964350596281122963e-01
9.992245864331242844e-01
9.998795174122893092e-01
9.999835514923642865e-01
9.999896558627786591e-01
9.999969715282538418e-01
9.990429641068108157e-01
8.087572005498399053e-01
9.999504853056083720e-01
9.999984039029039540e-01
5.039128878880118068e-01
3.483692313975987886e-01
9.999705059884513858e-01
9.879767829738665963e-01
9.996264621261020666e-01
9.986892503218863792e-01
9.923954552083887881e-01
9.882913673100861551e-01
9.999660157747833900e-01
9.981746194944632888e-01
9.999801770913112620e-01
9.998940343488471605e-01
9.978514134090881171e-01
2.306204203154861576e-01
9.989568840890423740e-01
9.982249573641368556e-01
9.976214872208941653e-01
9.999399367771317770e-01
9.996876301011102806e-01
9.991731647626196366e-01
9.928627522564144048e-01
9.996569024054642316e-01
7.830681899847276028e-01
9.978705810371932827e-01
9.999986870511009540e-01
9.999954910768106275e-01
9.985636702966018685e-01
9.999517758000897594e-01
9.999815852433678875e-01
9.998981183763021585e-01
9.986191920682948586e-01
9.146623892239735820e-01
9.900262068736774834e-01
9.964150344706060869e-01
9.998005215715334293e-01
9.924366758036333724e-01
9.995166402812426520e-01
9.982938639899089361e-01
9.997066408482706557e-01
9.877196669972514442e-01
9.999092464192005369e-01
9.986650716493978841e-01
9.998781455721796885e-01
9.787519586456769893e-01
9.998578754842337712e-01
9.999722411634207608e-01
9.997803460042137269e-01
9.996034219901065443e-01
9.893836696159297173e-01
9.999031933614537238e-01
3.918211857348032068e-02
7.877493727502767884e-01
1.117830343214080415e-03
9.996607261833619917e-01
9.995422033496534908e-01
9.994937354936989093e-01
9.973105994676589869e-01
9.998831964914763892e-01
9.994333746877005487e-01
9.976557376736887583e-01
9.998770478585077282e-01
9.996534199445467062e-01
7.447485124369562781e-02
8.957405580834099101e-01
9.997800100568983162e-01
3.605522933299581262e-02
8.012444739231834312e-01
9.999898595173084548e-01
9.999715823318507946e-01
9.994431737106659330e-01
9.999285734472497245e-01
9.999668643518698774e-01
9.986833868216340448e-01
9.830187801042874485e-01
9.989082002059129772e-01
9.998999012707614487e-01
2.904177291840422809e-02
9.998427680713984911e-01
9.999715612137344278e-01
9.999503062972775469e-01
9.999801797199336928e-01
9.999891500913187237e-01
9.944375196753664214e-01
9.990009046357304356e-01
8.905996840327853881e-02
9.999177778139290984e-01
9.962311246531025954e-01
8.517611672858315108e-01
9.999167537865715216e-01
9.994847875244654567e-01
9.996631444793145915e-01
9.997330686933432187e-01
9.995989644976583932e-01
9.993312046711316787e-01
9.999528061063365225e-01
3.890783256533974273e-03
9.921878294545501964e-01
9.254983265392970893e-01
9.997931718702387505e-01
9.994332174164510807e-01
9.998450251619850349e-01
9.999899971731556203e-01
9.999811901064714625e-01
9.999788017591875189e-01
9.997463330837228490e-01
9.999919089863481547e-01
9.998121581304799665e-01
9.999741603622793740e-01
9.999014945907220842e-01
9.996057138313730883e-01
9.961941039902776351e-01
9.542969565429074708e-01
9.997095507506548184e-01
9.995274396901047131e-01
9.999461103140844243e-01
9.998423535551386188e-01
9.998926053591129515e-01
9.997297623114822507e-01
9.999695331105323826e-01
9.995649922691173250e-01
9.994354706491498375e-01
6.463179528235006854e-01
9.948333789856692588e-01
9.618485538704970583e-01
9.336438805696504195e-01
9.904702166907369820e-01
9.998170735898910255e-01
9.993663256587561605e-01
9.999014782902309051e-01
8.612034980068332679e-01
9.999776139542986275e-01
9.997866788471798660e-01
9.999226274756569666e-01
9.999008234637846160e-01
9.874862282537832936e-01
9.999264481610434796e-01
9.994778474730992013e-01
9.998067836678112830e-01
5.983619672396986999e-01
1.490033559484903736e-01
9.645497609241650006e-01
8.782848458882716036e-01
9.958793772822702728e-01
9.989753219466044332e-01
9.718664358718701601e-01
9.996460896142934649e-01
9.970780376625431041e-01
6.987707952531411193e-01
9.989711809049348634e-01
9.999926824340652498e-01
9.999693710118063850e-01
9.999373886680152923e-01
9.999930980879409015e-01
9.983402686355028477e-01
9.998749069944552481e-01
9.994202770957594240e-01
9.965948698687479013e-01
9.930103282887925431e-01
9.676160863213809638e-01
9.920863258584207145e-01
9.994070011767119954e-01
9.999778300316948254e-01
9.999834809334114949e-01
9.994001672823451532e-01
9.999852028183825459e-01
9.999975185401032141e-01
9.998120517504388571e-01
9.573341800822795511e-01
9.998748247766274799e-01
7.919916602794342397e-01
9.985624480272244918e-01
9.997324246487456767e-01
7.603314720226556078e-01
9.999987413496295163e-01
9.999989873152620445e-01
9.999733618144649450e-01
9.999815317181969254e-01
9.999932631617454160e-01
9.971060123211089588e-01
9.987614028234355068e-01
1.289415510103271989e-01
9.780318715685618614e-01
9.987200396450860440e-01
9.999553554062494687e-01
9.990617217242422354e-01
9.960935863798916490e-01
9.999231234722375516e-01
9.999663404873903039e-01
9.993298586150695106e-01
9.996593717051607264e-01
9.992403728016517883e-01
9.995098762963482431e-01
9.995031832289605900e-01
2.020877257756930612e-01
9.999173155237607302e-01
5.933496655098545787e-06
7.796224945963845521e-01
9.999532553512185951e-01
9.864367521727189780e-01
2.065488291265112075e-02
8.653572484974128010e-01
9.952273872015272582e-01
8.381354765165281995e-01
9.945679245459069229e-01
9.806479239525963676e-01
9.990229401400722020e-01
9.999037414606992691e-01
9.999952525074969900e-01
9.666601480082109843e-01
9.999863762430702963e-01
9.999552711870574040e-01
9.959911998909031228e-01
9.999971577437150039e-01
9.999995348143412288e-01
9.980714137298669630e-01
9.999861852693773256e-01
9.998518494586231542e-01
9.996179968161513774e-01
5.190756447553904890e-02
9.977759323386987678e-01
9.999603616125909422e-01
9.999982775226623488e-01
9.609202976965827148e-01
9.999191859599010357e-01
9.999077935570735987e-01
9.999848148080068277e-01
9.906534361317961279e-01
7.768708438871844146e-01
9.999397399471580128e-01
9.896254971790966470e-01
9.977047527066210675e-01
9.998836185849585556e-01
9.999880174229437424e-01
9.999824066348186324e-01
9.999694598244639465e-01
9.999435494475299446e-01
9.983556394666662781e-01
9.987724699756919122e-01
9.999704005709341148e-01
9.999548954887728103e-01
9.998901591653392984e-01
9.999612489878432209e-01
3.974731101565489103e-03
7.317846797123720576e-03
9.139611267352580892e-01
9.992984888248732656e-01
9.996672761942639873e-01
9.999820771438377998e-01
9.999898387325351079e-01
9.998433956074616047e-01
9.881682542958554194e-01
9.999583281395593160e-01
9.999200972493694772e-01
9.998859064038745359e-01
9.961362100600990033e-01
9.967278481566548276e-01
7.929886412997749767e-01
9.940850495994207892e-01
7.401282397022285187e-01
9.975906878361304742e-01
9.254496858463655551e-01
1.105310963864991058e-01
9.353260385454023051e-01
9.999834350409767536e-01
9.999420672217754769e-01
9.997345041093915752e-01
9.999962317516384314e-01
9.999909774404089902e-01
9.999758649722523263e-01
9.999933726906169440e-01
9.402913636301540867e-01
9.999910876292105177e-01
9.985618228276244013e-01
9.999964474863016761e-01
9.987474304709988981e-01
9.999799429836850884e-01
9.994491756258471193e-01
9.990079125011993577e-01
9.999998578876394539e-01
9.996015660565287231e-01
9.999911807393639940e-01
9.952489544654383735e-01
9.959042435953164851e-01
9.999892585332621486e-01
9.998847257648252329e-01
9.999980380270570013e-01
9.999789552204753074e-01
9.999977590717741283e-01
9.996998418445638412e-01
9.999712656138086686e-01
9.999503856243607824e-01
9.999903665402918307e-01
9.999968142870867549e-01
9.999857236549656303e-01
9.999919940424650822e-01
9.997151834428212869e-01
9.999660655274342780e-01
9.999516977073524826e-01
9.999626932439200644e-01
9.999945932884183319e-01
9.995696181607446329e-01
9.999896887347655694e-01
9.999670227767784025e-01
9.999095036718033125e-01
9.999241854561097265e-01
9.999850513389224593e-01
9.995535029507977010e-01
9.999426466753377207e-01
9.997279546158422958e-01
9.999947311401221617e-01
9.999750225101112777e-01
9.999244540052697472e-01
9.998532951497072219e-01
9.416160263598961633e-01
9.998336041635534910e-01
9.999234792872391253e-01
9.999872769361740632e-01
9.999940677153532631e-01
9.999388559642203855e-01
9.999174649689837047e-01
9.999484453387742500e-01
9.922048619821187687e-01
9.999960368553815204e-01
9.999969278863191091e-01
9.999933217312854117e-01
9.999388523470568169e-01
9.999712375138454235e-01
9.999895080484466625e-01
9.999959903342029444e-01
9.999948362098005639e-01
9.998692095279642089e-01
9.999569329366728709e-01
9.999906879990307917e-01
9.999882047485189052e-01
9.999868259967267248e-01
9.997040634938033632e-01
9.999338512854906158e-01
9.999770186725560617e-01
9.999270786229721431e-01
9.999772172223782007e-01
9.999645854256582478e-01
9.999679750632032293e-01
9.999510306367247470e-01
9.999403139526479301e-01
9.999886575667193966e-01
9.999987600118692699e-01
9.999055797545672863e-01
9.999950037633453803e-01
9.999218067014561395e-01
9.999859607479743007e-01
9.995152261458581933e-01
9.999885415644742537e-01
9.999744929449785324e-01
9.989069508579053736e-01
9.999922320720048274e-01
9.999909861562232827e-01
9.999946947526682228e-01
9.998903605764632996e-01
9.999665556724067761e-01
9.996893592387842142e-01
9.998713279639169782e-01
9.999761263907148701e-01
9.999286061611368792e-01
9.999807034335598255e-01
9.848924587187106727e-01
9.999249179442607494e-01
9.999953844908965328e-01
9.999665298425506332e-01
9.951494485523446620e-01
9.999961705029860592e-01
9.999677725475838441e-01
9.999984257876656235e-01
9.999941676655497158e-01
9.999931549254854612e-01
9.999808955944912148e-01
9.999968879104739194e-01
9.971767644808255948e-01
9.999692802874657893e-01
9.820995213486551911e-01
9.999807578354149573e-01
9.999118607434822614e-01
3.263016465097143943e-04
1.019828127351289915e-01
2.863227465977170039e-01
5.383013414205544550e-02
9.997197375510727957e-01
9.998718617155293309e-01
9.995728290097769531e-01
6.116173668612666647e-01
9.999944461086053282e-01
9.495472711763787155e-01
9.999996579946217601e-01
9.999810972444173052e-01
9.997280298102585450e-01
9.658300181874612811e-01
9.074609120908778692e-01
3.495498743981568374e-02
7.706244485872324468e-01
9.920957215544248253e-01
9.843239074963315849e-01
9.985441068342779669e-01
9.976646919370212307e-01
9.999194753789624190e-01
9.996542745512454475e-01
9.999070395111513410e-01
9.999261539997965631e-01
9.999959061320228271e-01
9.996434411208747761e-01
9.999434109259608405e-01
9.999849894098852277e-01
9.945705249962250027e-01
8.542458034985465076e-01
9.999227614217485183e-01
9.999684538190584115e-01
9.999093023555990500e-01
9.884089233038835243e-01
9.997212555265125866e-01
9.997112204807458991e-01
9.996314302134431395e-01
9.616500850392655231e-01
9.998752242479242991e-01
9.720988342605281218e-01
9.731561831777177929e-01
9.520620921990651242e-01
9.994356325467279589e-01
9.999528134679146474e-01
9.998755278986740658e-01
9.997001192394543434e-01
4.629301005353455428e-02
3.852784954406227730e-02
9.684730669136460968e-01
9.998889271820398106e-01
9.999848310082478653e-01
9.999654900383788680e-01
9.999500238656900963e-01
9.998701370299917235e-01
9.998851283453040750e-01
9.999228237992114909e-01
9.999894576859691409e-01
9.994175153001708667e-01
9.997832706340822329e-01
9.993906187031901256e-01
9.997365495399542779e-01
9.999731044336224173e-01
9.938392769987498543e-01
9.997084488066508845e-01
9.998593576288720142e-01
9.995877244301687448e-01
9.996036821936037375e-01
9.998907830185332912e-01
9.856920161230003918e-01
9.939415503903868965e-01
9.999795810410315733e-01
9.991812783256133201e-01
9.996885311242829086e-01
9.998248156397625541e-01
9.999957717163888704e-01
9.999531671154310297e-01
9.999432895494900775e-01
9.999985337096275462e-01
9.999991416784341780e-01
9.999998235130577173e-01
9.999943266705789702e-01
9.999923369681148477e-01
9.954405661978196207e-01
9.998966636318709078e-01
9.999974406126982407e-01
9.998866553590796125e-01
9.999372488850941654e-01
9.999816487380110974e-01
9.994186719167685862e-01
9.685129326040423647e-01
9.998127233532633218e-01
9.999520070795988591e-01
9.994553773352216064e-01
9.983329059901673297e-01
9.999994258647618706e-01
9.999720246503803756e-01
9.998369976239129819e-01
9.996251543293754871e-01
9.848795009451509763e-01
9.999161223502318618e-01
9.999679030633524812e-01
9.998662554746332587e-01
9.999664294225595329e-01
5.269806134441411055e-04
7.567213387468427754e-01
9.988758012928609098e-01
9.999379678551656436e-01
9.997296991983790626e-01
9.999573005392295988e-01
1.396318449744046557e-02
9.999820159973953348e-01
9.999427574870972668e-01
9.998728000061291032e-01
9.997972183893353293e-01
9.987349911217366927e-01
9.998798500599852535e-01
9.998865230952150851e-01
9.998837522969702407e-01
9.973165383018097740e-01
9.997169894841021476e-01
9.998934801471576206e-01
9.999524535713836260e-01
9.999278828544476694e-01
9.997867764054180206e-01
9.997840145048829674e-01
9.999664401219349186e-01
4.612349351489662963e-01
9.999179605933274928e-01
9.999861205917311979e-01
9.999600552524537944e-01
9.999605573136116643e-01
9.998925160743314944e-01
9.999894530471985510e-01
9.999883832198206424e-01
9.999861496005227890e-01
9.998997926525070579e-01
9.999916569363785923e-01
9.999497169662089346e-01
9.999886127965191829e-01
9.997952147985873506e-01
9.999407269206990190e-01
9.999951187636028083e-01
9.999935786248834724e-01
9.999700833084790297e-01
9.999918420083765414e-01
9.999441876829888720e-01
9.973377891969307241e-01
9.999368300837159218e-01
9.999772909801465381e-01
9.999198924479711925e-01
9.999839077211810645e-01
9.999750709760601985e-01
9.999735369990274680e-01
9.998465863114380792e-01
9.998767796018643850e-01
9.999835423788296929e-01
9.999686444839245292e-01
9.999935638154940909e-01
9.999903169195001329e-01
9.999974162823842549e-01
1.088911030089327048e-01
9.631059871308593756e-01
9.999222360681021549e-01
9.987033628088420878e-01
9.450161609930992634e-01
9.999763414847461229e-01
9.992843315551529493e-01
8.992126445859720263e-02
2.304909826397097839e-03
4.333569604127209527e-04
9.933171602179313719e-01
9.999351623467773731e-01
6.133623247104504073e-02
9.996028677977332189e-01
9.962072547313672866e-01
9.997514897879323792e-01
9.997725446604613930e-01
9.938395764660844511e-01
9.994075797199319933e-01
8.625215000622474815e-01
9.999864736012374911e-01
9.998824786024693712e-01
9.998953831197786579e-01
9.998391177897314464e-01
9.999767580073690709e-01
9.999810496401544402e-01
9.999774050021309479e-01
9.996655819668420762e-01
9.800115646354131682e-01
9.253116860541621413e-01
2.753161817159166525e-02
6.232325260476287987e-01
9.996385941414716036e-01
9.843914137267933961e-01
7.604767959389249210e-01
9.956144616161216598e-01
9.949106100758882132e-01
9.997860156457633041e-01
9.993180716193895696e-01
9.999033181221956834e-01
9.985237205583565867e-01
9.937969323228093010e-01
6.195549296792897120e-01
9.504473958683158363e-01
9.999362821542443491e-01
9.999771612170317292e-01
9.999989559401334382e-01
1.645250503906120129e-05
6.519185405966831698e-05
2.289725861678332808e-01
3.105404709233495694e-03
7.510081413557771757e-02
1.122408954049107497e-06
2.269097251916348760e-03
2.024056758712880922e-03
9.721881736233202176e-01
8.334649379776251643e-03
2.674215568977932229e-03
4.764882798189427546e-03
2.444175413957859477e-01
8.867370567067552889e-01
9.998239778516820886e-01
9.999163268648130209e-01
5.915062179098999747e-04
3.860497063690280107e-05
2.891175554123151558e-05
3.262080796048220065e-04
9.851138755310313577e-01
2.338541253989735030e-03
1.095252816711116389e-04
9.986613615062808202e-01
4.006866008835365256e-01
6.582706576106953089e-02
1.082563025991287867e-05
7.048307084739497878e-07
3.229213595433263334e-02
1.783092828683189570e-03
9.474928118990024297e-04
1.421451116409963708e-03
6.856663572910177906e-06
8.579989533183577506e-07
1.996789508794935742e-05
4.882118972740519952e-02
3.487778338442686366e-01
9.405534819042447037e-01
7.199185826710329250e-01
1.634391623630884055e-02
2.749613672528171995e-05
4.222813772080167796e-05
8.550788462985110805e-02
1.610423638443905237e-01
7.950718862810739261e-06
1.456394173387961502e-04
5.810573169573794716e-02
3.706960791478708232e-04
2.588814149097352565e-02
3.053567871319182744e-05
3.706320276291324815e-03
2.554093486003052374e-02
1.722454410947567641e-02
4.539590603399461938e-03
3.174835476568515320e-04
9.780154695793694675e-01
3.712754002014261867e-01
1.807976802435745656e-01
3.954628789688232249e-05
1.024038903325473352e-03
1.102835282539070885e-02
9.763960762566915585e-01
7.167904495274110034e-03
3.778418736286503488e-01
4.648278796477413905e-07
8.371403514664955969e-03
5.525769252762423198e-05
5.075668728180052474e-04
9.961235986407452891e-01
9.769539776772547812e-01
7.528147005483170062e-01
2.722088321993461624e-01
2.998296160675899547e-01
5.170727199951445120e-03
9.177768938521666531e-01
8.728792588146656786e-04
2.171047619678893870e-02
3.451622030695960641e-04
1.088427566835348387e-01
9.218612114618583014e-03
2.561706435692057485e-04
3.312795572749253048e-06
3.002122872134755011e-04
4.946771101373396290e-02
1.895201802129295498e-03
1.203003067497087838e-02
9.254070363976879543e-03
6.622335730208658289e-01
1.381741058032875370e-05
7.674623724262407132e-01
3.505869614589124925e-04
6.395510806832706415e-04
9.962796849441164504e-01
1.889447505914355213e-05
4.173385393521667486e-01
7.499874129040526652e-04
5.328178273269934540e-01
2.396458896417951456e-01
7.380142234484579622e-02
4.037768268783595814e-03
1.398918191998611144e-02
3.496253634507037189e-01
2.746350921632732464e-02
3.548008561111621776e-05
1.393379323986697208e-03
5.175141480791783195e-04
7.348250129339021011e-03
9.848500761246563339e-05
5.187219683271994397e-02
6.135273812174619720e-05
7.385659106609858242e-03
5.087379092153400395e-02
2.002539449826173067e-03
9.875891238718704774e-05
1.087125369394194253e-04
6.001935887107589119e-04
3.513166531686292182e-04
4.004325242760705117e-01
5.867189519673546468e-03
1.586653828262576948e-02
1.901981997655834467e-05
5.323528433467023674e-03
4.251678790146212750e-01
7.796725671936189928e-01
1.186180196334588781e-03
4.554663500875396481e-02
6.484010844674569288e-05
1.707084219529971013e-03
1.411353347488362693e-03
8.887925459229967240e-01
9.772411777477784112e-01
2.502817734219487944e-01
2.197971360312647726e-02
5.629635456167062315e-05
9.158505186926284569e-01
1.961362345732456033e-02
4.283021858029010254e-01
4.580668161932374173e-03
2.939712821580920414e-06
2.066503726414655991e-04
2.005065630559431595e-05
6.652198244095673674e-02
1.471169571995485301e-03
5.403716583829377209e-05
2.886735541557835377e-02
1.169822858637228208e-02
1.131542423366707932e-03
1.008273753902558017e-04
4.458648916401757849e-06
1.185338513748441331e-03
6.019902452834274137e-02
3.026172180156369140e-03
9.998942141244869797e-01
9.193382932000783159e-01
3.023288108587176434e-05
5.172406711831303664e-06
9.746440141057939133e-05
9.638395146927670742e-01
1.965757224928294195e-04
1.065631154301942100e-02
1.793395357399404596e-04
1.489473059074908519e-02
1.123217145574316141e-04
1.130541803787056682e-01
5.367248178243017379e-03
2.330967008459176263e-03
1.076498706735192672e-03
1.597225560976172840e-02
3.109870812253062028e-02
2.548869114221984675e-04
3.386378370888659117e-01
2.110498939860667711e-07
9.973392764113512277e-01
4.150522307149986565e-04
4.327428733348300162e-05
4.130336034001466650e-03
8.574788091369434334e-05
1.021004994852213466e-02
2.391644001415659318e-03
3.383781284096137984e-04
1.408433683736264319e-01
2.597384610765185713e-03
1.172003605458998713e-03
7.296766961924407852e-04
1.424391948635225780e-01
7.387108950094416204e-03
1.716098256221774735e-05
4.009995738185312061e-03
9.096853282633338145e-01
6.325097038194815724e-01
8.311665846842212005e-03
1.095613340409077718e-03
1.386983339165960940e-04
9.203635599630996533e-02
1.001121946076691786e-04
1.200073385022355213e-03
9.986997446387693156e-01
7.660601602100748284e-06
4.180458088664346650e-01
6.426152064815642273e-01
4.099246950955001342e-03
1.480511669169658814e-04
9.298040128532385484e-01
3.769002360167825064e-04
3.443555476972128073e-06
9.976173888966241021e-01
3.522107207609955827e-05
3.317622949769157004e-02
6.555210495634308243e-01
1.925110433702966958e-02
2.116519349028404481e-02
6.064966565575908349e-04
2.031814567763091104e-04
3.565202498940570064e-02
2.716161224786947659e-03
6.432601531287401473e-04
5.076210856786265158e-01
1.531768247667694011e-02
1.004039360434964140e-01
1.981974492115487908e-05
6.738830348399921233e-03
1.695501866293888378e-04
3.313850225254148145e-04
1.822749825544941571e-04
7.355613040816485603e-05
9.912550080969607328e-04
5.147811502186122658e-07
6.846345941830233039e-01
5.154935850610387060e-01
1.151528420472963665e-02
6.273951964950837124e-02
4.550774934467340938e-01
1.659366451871746515e-06
3.403004349224021067e-04
7.556007278170994107e-05
1.653863799461899938e-04
1.789821820650529804e-01
2.842015154882188816e-04
1.228257893729969982e-03
3.796977666883954734e-03
7.728041550406777871e-02
9.999828760707426545e-01
6.102199729856068213e-06
8.465718924351036095e-05
4.271644593751312002e-01
1.837738538254477319e-02
9.879723958371967596e-01
3.802111835452339525e-04
1.415758153882730810e-02
1.168452630268778086e-04
9.953933959210793381e-01
4.566570726922394505e-04
1.143942597341838542e-03
1.420716325873724776e-05
5.897144811371147349e-03
3.438978672828985061e-02
8.871642907289483126e-01
1.384450602595543303e-03
7.720146557185816579e-04
2.737780468504679484e-03
2.879245793878263478e-04
3.858487500715496264e-03
2.253369124678574289e-04
5.935431306132911422e-02
2.213247806120277952e-02
1.621333838833498731e-05
1.764123017552527144e-06
3.909358640478609315e-03
8.076642855646335231e-03
5.075263925079284005e-04
1.667349869174940507e-04
1.177113586681564688e-03
2.122660076486804800e-04
3.650452498060280565e-07
1.775169013709648866e-04
9.029757434682104511e-06
6.956082891792100223e-05
2.514604588358332143e-04
7.506673281851100837e-07
2.168695298535381201e-04
5.130788862465159028e-03
2.161424653165764861e-02
2.346992424078985336e-05
1.812446449801967917e-03
2.989905846452369231e-01
3.018224655203454246e-02
6.021804080145999754e-06
1.112061330184694191e-01
2.243427251654927189e-04
3.265409155447295594e-03
4.414017616776916872e-05
3.175782112009863339e-04
3.911087405930769597e-05
1.783954819137435050e-04
2.755545382806377192e-05
9.844898121809431450e-05
6.491727971516741491e-04
2.429167066116246572e-04
8.962614554179003075e-04
8.111334216148205446e-04
5.565779712045292038e-02
4.879347245369191705e-05
1.206659546274732055e-04
8.310593925485576516e-02
2.803828643194124009e-04
6.309916907077565939e-07
4.594697119442594071e-04
1.152343730958522289e-05
5.254691528734919482e-04
1.092803088069790392e-05
1.745306027158843443e-06
3.930550960128542427e-06
3.916373543174131444e-02
3.066159224123724404e-04
5.399705378976831231e-05
1.280426644865167222e-06
5.386502616360398094e-03
2.730790161801432972e-05
7.900587507531255574e-06
7.619201801507088543e-05
2.502001635333576338e-03
5.578432914016686119e-06
2.011781408218201039e-05
6.330953399432558680e-08
4.184994041257117381e-01
2.272222715584539064e-03
6.232348512997751695e-06
9.183382927399619255e-03
6.004618335951723233e-04
1.111345986745596315e-01
4.900437840521156419e-05
2.098884640095458921e-03
3.188856217184742091e-06
8.869365700400551056e-01
1.441796688221050153e-04
8.180576041733384385e-05
7.372342032693487603e-06
1.213212005256896668e-03
8.830671931905278993e-02
1.748507259044040248e-05
1.177003354986020898e-06
1.027782065949611745e-03
5.060971619525223594e-05
1.148627702182394470e-04
2.774463113743250858e-02
4.446683824502939875e-04
5.625645396825210739e-06
1.302783552684549255e-05
2.926664699820152610e-03
1.890705151181685563e-03
4.747978532483155580e-03
5.481583976252358707e-06
9.941745843623621143e-05
6.476056084663409651e-01
3.527181984745810287e-04
1.274078120624559155e-06
9.957643689086513508e-04
3.191115427530993149e-04
2.903677204147026431e-06
2.021936194865167624e-03
2.360767770058856793e-04
2.558954857804587521e-02
1.758246883699442816e-03
1.604208703958322603e-03
6.618851994729651328e-04
5.688422273942021247e-03
4.037937815858760990e-04
1.896708901918654170e-04
1.417356045262443617e-02
2.476054709045708086e-05
2.288214114263484853e-04
6.664599083687024040e-06
1.810642452719842682e-04
1.668616919578961855e-01
1.102379647152869346e-02
1.892906997593874667e-03
6.237709811779621740e-04
4.065789300251859174e-03
4.001941505568177020e-05
6.188539303108407378e-07
1.651102579473423330e-06
3.099189202778477518e-04
2.645516964071206864e-04
5.451788750909578735e-02
1.127338114472691390e-04
8.800147518883512572e-05
4.089599054684732839e-04
9.158858580225359323e-05
2.251712608343234084e-04
9.334683018005365080e-04
7.163981963098270986e-05
1.779759411820184406e-03
6.882814103171439048e-06
2.084275743364030070e-03
2.194944888261929003e-02
2.802272761394294584e-03
8.944308669734427845e-04
1.485057839516455453e-04
3.192280920266196698e-02
1.747249033918744227e-02
1.658164113102477690e-04
3.358792289759117422e-02
2.048259121358566304e-01
1.037568454075826633e-03
3.463241499719362654e-06
7.123050240359427151e-04
6.324630221348906736e-05
9.257275266287611024e-04
3.790353001092888253e-04
3.056480523252658524e-03
2.048815967939736638e-01
1.668014767225854230e-05
4.743430464769031181e-04
3.034751780340981304e-06
8.979304408218858474e-04
1.037470740488014411e-03
2.636981515638010115e-02
1.023734439037920054e-03
1.459800538576390980e-03
6.708458797257690030e-05
1.110530535300457953e-05
9.242209910864135781e-04
4.986971370694003714e-05
3.134040086176109047e-02
1.132467540277928147e-01
8.536806701207565642e-07
7.507959678072783933e-05
4.149322571485743974e-05
7.729743270576717125e-07
6.166148103941137962e-05
9.809097882353349368e-03
7.865721828747428319e-04
1.393584315744833611e-04
7.006033132408874932e-04
9.217129386256330426e-04
2.549776599091189760e-05
3.560306561873224908e-06
3.622920356316621567e-03
3.377906306813235752e-05
1.419571916605983414e-05
7.139970836944852222e-04
1.234061519104656017e-04
1.565677937423535625e-05
8.714985844753199795e-06
4.283436474955406117e-04
4.111232315522056653e-03
7.869109583886795684e-03
3.687612935075528994e-03
2.803154614213321025e-06
1.370183459289193920e-05
7.897890922968667932e-03
4.490259714110426742e-04
3.795257437831281010e-04
8.961925199464730032e-04
9.487681075290574740e-07
1.707446121413862955e-03
6.590191386161797869e-04
5.419053290025186115e-05
2.631474618943108103e-03
8.641101065592629027e-01
8.367905552928425403e-03
3.059151131741172277e-05
1.057919164806337894e-03
2.789276517624248407e-04
4.888647436527013355e-05
1.091039830335630786e-05
9.566201609202863720e-02
9.905099268259219825e-01
6.712040860516260498e-07
4.442672885733274790e-01
4.541122604906825235e-04
9.772831162501405827e-07
1.977789813791499174e-04
9.011755021812759719e-07
3.402285547270823135e-02
2.570616950642682372e-04
4.347539169999657780e-04
6.030138318841929954e-06
1.023112036294988322e-05
1.080525618795847090e-02
1.582933924838008516e-02
2.995920235272107250e-04
6.226435298561777514e-03
8.855025726052734520e-05
9.941997835238096620e-05
4.315082803134245881e-04
5.039778914018538773e-03
1.475944516220928555e-05
2.581437148254331426e-06
5.377026681336591341e-02
1.184475686106872400e-01
2.203686990251348340e-06
1.165749328884617066e-05
4.003751033634239003e-04
4.201262796759173490e-04
1.263800687602803941e-04
2.335908812940355966e-04
4.708517586590908261e-05
1.149150370875633501e-02
2.340402233787815386e-04
1.976836146177371814e-02
2.696575483457063546e-03
8.025425102414425775e-04
1.007130500844825643e-03
2.598775685681449770e-04
2.853578833455920117e-04
2.150933296555475923e-05
2.227357298935208414e-04
1.508802470942152251e-04
2.453226622808291229e-05
1.548209249591620500e-05
7.623435018778778466e-03
1.849769782140907496e-05
2.961768415215758571e-05
4.387492145760539568e-05
3.187801646266037736e-02
6.479502531439706173e-06
9.201006076256756962e-06
1.076856608994218929e-05
4.726213654081623332e-05
2.874365630626261642e-04
3.476267158527866221e-07
7.959354438477771643e-05
1.746268380010504035e-06
4.224932979512606370e-04
4.392116320700709315e-04
1.075236952206597618e-04
7.424286785861109145e-05
9.658797878071109233e-01
1.043478902639245927e-03
7.103912432571820590e-01
4.827222636129525901e-02
7.057347635450433431e-04
2.475116320206718640e-04
6.043165785662728622e-06
1.284063224510009218e-04
1.140297131974484478e-03
2.132190302807336624e-02
3.220167714806031439e-04
3.957845006656834897e-04
2.420198547382146695e-04
7.361517469261301514e-06
4.178985714649490813e-04
3.658749935424160507e-05
6.754055240128859145e-05
2.312325172638920903e-04
1.347327274773043237e-03
3.417021399003987089e-04
1.454484661464204402e-03
4.981971801150427565e-02
7.387177856934068281e-05
9.854321884160160050e-05
4.828967596054661122e-04
1.776710785380748205e-04
1.094301289205748540e-03
8.853239942640387565e-04
2.279673658236134322e-07
3.307845068880959072e-06
3.140533256294857881e-04
3.441353316036144380e-04
6.889776236016748154e-05
5.680518790423039893e-02
1.045307219071491944e-03
1.246262881377701056e-05
1.128805517117908259e-03
1.864841036072899418e-05
1.481221924581603288e-05
1.894636096655468891e-03
3.299934934922539072e-05
2.847378733077677031e-05
5.056572125930438504e-05
1.728550043042239331e-05
2.488078167022224896e-01
1.337629237937463850e-04
3.413368772654907894e-03
1.996344321021297288e-02
3.695978509473802601e-04
1.210054943213969201e-06
1.536059266894310193e-04
6.884804747370118494e-03
3.447988123006274774e-01
2.636261593792382871e-03
1.833001948660289765e-03
1.695701615037250641e-05
4.591739982164196485e-06
9.898145491737393442e-01
1.237213146270586817e-03
8.809722892585450689e-06
4.124736275367273802e-02
3.777658527950893868e-05
1.009804844878907230e-04
5.861702737090875843e-06
8.167961911465607217e-06
8.169301935679213270e-03
2.712138035750538799e-07
9.975615384622458226e-01
2.398862834223130169e-05
2.831100863219212713e-02
5.139452300956056274e-05
3.653072386820725020e-02
1.014650948063254175e-03
8.302115735688236561e-03
1.848037336886066263e-04
4.668763454198784847e-04
1.638452531393123079e-01
2.460768901987605839e-01
1.907560403908955041e-04
3.876494504694026224e-06
4.581783200036037646e-05
3.269180847025159650e-03
6.439601629554771024e-07
2.550580805048898535e-05
6.393680509840944265e-06
1.923400363554852641e-04
2.332762277745269869e-03
1.441092651417320108e-05
6.271978537431143804e-06
8.718336718099424466e-04
1.194508499202642299e-04
2.404703396975569420e-06
5.368501352140273020e-02
1.025746652582749073e-02
9.864675410961507550e-05
1.647756685089406606e-02
4.262791461909639051e-04
1.000355548381320632e-04
1.186458131732306998e-05
1.668579845644623666e-02
2.367362832417508321e-04
7.966652367943617696e-03
8.392674145945380054e-03
5.623301010480398487e-03
2.132627827154214267e-03
6.446552217104174407e-05
1.017874800459134081e-03
6.545433821589236988e-04
5.749664456015701118e-05
1.241254930873633875e-06
1.287956596751361745e-04
5.533355568666986114e-03
2.140585107317974911e-01
3.278051334711325530e-04
2.386132079685018489e-02
1.463068828158642452e-03
1.447432944292296878e-04
1.438540111002982111e-02
4.876469610290492813e-05
1.955796764407541444e-05
1.754569964385356822e-04
4.171501666123202390e-01
2.513065853423980013e-04
6.113273632328494744e-02
9.068489306806275032e-06
9.899688750752328598e-03
9.226893949552171974e-07
8.273506194495886543e-04
1.003225889693423398e-02
4.901214541576518803e-05
9.212797478974066572e-04
2.478387769267903257e-04
1.355838695552587434e-05
1.276146045337460053e-03
1.322871132600770465e-04
2.120908508051309481e-04
4.476565986734855340e-03
1.240009291270425390e-01
9.720413940811797838e-04
6.103701663403540874e-03
1.168771200060778927e-02
1.520709096946799626e-03
6.968404043084257173e-05
1.790815412450133689e-04
2.528139456759480493e-03
1.335148516819699806e-04
3.466998345020265092e-06
9.544053753231850364e-07
4.535371530190006599e-05
3.985993176315842933e-05
7.488825012685716709e-02
1.444277359345588763e-02
1.616055787678672928e-05
3.281989981978341748e-06
1.234872625640778690e-03
1.092768957809996176e-04
1.373913322536732264e-05
9.183424006278634956e-06
6.813010107259780471e-03
1.177602706026369406e-01
4.797113460167784504e-05
1.782991962676351211e-05
9.901198327840924351e-01
5.873455143014829878e-05
1.298045720460986609e-05
6.831469517880666728e-07
1.335908110890822096e-04
3.141654715050083022e-06
6.789241670768396851e-06
2.082415413669876352e-03
7.879224010259482710e-04
1.845312424782276405e-04
6.108231689524567642e-04
3.176385868622751628e-04
2.699025756073657320e-04
1.441743284028768708e-03
2.523183431920958820e-05
5.701595474944133314e-05
7.596710799658705493e-02
6.107873116693866150e-03
4.883446654963507745e-04
4.149387146823187546e-04
1.881492975621444283e-02
2.828313436881924785e-04
1.487643207149223834e-05
1.565436167705805805e-04
8.909933907547627763e-02
1.435984962749627808e-03
8.550089593646769304e-06
1.120653717338166398e-03
2.715191330970560886e-05
1.533751187202035367e-04
3.958071602947203955e-05
2.021371626441027886e-05
1.420386539688629876e-04
1.098898632380604090e-01
9.090806574686726479e-05
9.514403609265333767e-03
7.485607285321679294e-01
4.041567434483362732e-03
2.495946078384115446e-02
5.712750710696660973e-04
2.473321420444100568e-02
3.476967434272413573e-04
1.450484111972417814e-03
8.575644678155155617e-03
9.963116043206845813e-04
1.567314067973834722e-04
3.175578326786917269e-04
2.886849545079447798e-05
2.095773848751897317e-03
6.424274104467370128e-02
5.043254128787240040e-03
8.744360712720129238e-05
1.212264413344062706e-04
6.119061128391823940e-04
6.623039111718100318e-04
1.333277532823270444e-05
9.637325090555065981e-06
1.116431243575335734e-05
4.067686954687079436e-03
5.360709302780531926e-01
3.559514315207832659e-05
3.375357086780003159e-04
4.574606788853593066e-05
6.305240642316691305e-03
1.752541525892724675e-02
9.419733574863851954e-05
1.329892406474026149e-03
1.270338716382894235e-05
7.022273399466257005e-02
1.890828385443029920e-03
3.853050121228573764e-05
1.618644455190309086e-04
1.080722670540495468e-04
1.779918127305396439e-05
1.076400799437305695e-04
1.315182921198724316e-03
5.565293325804025325e-05
4.899359028198141787e-04
7.836560624690622756e-01
1.158355364630201702e-04
3.252965631921461281e-05
4.589091919834512923e-04
2.052498007662789670e-02
2.836482798412186170e-04
5.605317097701909348e-04
8.857419818161702506e-04
7.892279289606997095e-01
2.914562063700123617e-03
5.628743824133961883e-04
6.562892257438330717e-06
1.363365337180586541e-05
3.323840406170098204e-03
8.086792541188321786e-04
1.359384828397696028e-04
7.800420786069597848e-07
9.902023677001296417e-03
4.507224743454371650e-06
3.294487792739386311e-03
8.586562904480191647e-05
9.394966094265514919e-03
5.752492690106622238e-05
5.009640682918950439e-04
7.136768084274520453e-03
8.438619553787391229e-05
1.176072392720457402e-04
6.737421826108278683e-05
3.411208840451441507e-04
3.138894233101170456e-03
3.593700344163037725e-06
6.721472685908613581e-04
2.210701169388702854e-04
4.476081371197681912e-06
1.124401850669780843e-03
7.035417440397503418e-06
7.566376646380365556e-02
1.265163843291809134e-04
9.763780095550348981e-07
1.216285376896647091e-01
1.741801231273724417e-03
8.799027243985502759e-08
3.684065707593345393e-04
3.091480850467734354e-01
1.223605667963940588e-02
6.049935491356405777e-05
2.793240507041807740e-04
5.532284640189557559e-05
3.752924448101115605e-03
6.226370141406540291e-05
2.532546482700495305e-05
9.649226663708654583e-06
1.434647753390564827e-03
1.794106543642426876e-04
1.055332506316793889e-05
1.096186390561877352e-04
8.108854527682397562e-01
2.844195112997731389e-04
3.355564479478298761e-03
1.494645779899577169e-03
6.464325331497219960e-05
1.354861549203985414e-04
1.563464272654232698e-02
7.974941876576512045e-03
1.072543344821753480e-01
2.202932585648364929e-04
1.518229612963226246e-03
9.720892897462246954e-03
1.255816713326884613e-05
1.929040521832040469e-06
3.969593756305560273e-02
8.089807278637516780e-03
2.973546089300829515e-04
2.817193949798851542e-05
2.059227589346529269e-04
2.622182565683844196e-04
1.103229847113080336e-05
5.546203603534716640e-06
1.563530764859425511e-04
4.131740150002013832e-05
1.188777116696423493e-05
2.814989795317668873e-03
2.271616930101429432e-06
4.558182265040405454e-04
1.324047362096776137e-04
4.164171903061683741e-04
1.562738489911937324e-05
9.171525437762945989e-05
7.779565352185651361e-05
3.212261616848137891e-04
4.898863518244930061e-05
4.316504152276698716e-03
9.235348127334966567e-05
7.713162360146831626e-07
2.271291117320077945e-05
1.850352632599278577e-06
7.073364466306000358e-06
1.149255664910533168e-03
1.253020447758521247e-05
2.958074349003803725e-06
3.642874654422088009e-06
1.195550529091307472e-04
1.461899872741368863e-05
3.779254719775042640e-04
5.630197085008130722e-03
3.270131483062236602e-04
6.264000793077380158e-06
2.800951128329391327e-06
8.340851316611789558e-04
2.795935278694995944e-04
1.422474680236143117e-05
4.104446093064406317e-03
2.097480767874807707e-05
1.104445274439418796e-03
7.220392944951466144e-07
2.521047179011048391e-03
4.090328016380084526e-04
1.109330306970126136e-03
1.817798213209826286e-05
1.289604339668129670e-05
2.297169984773821897e-04
3.094689168098760527e-06
1.075443328221411914e-02
3.701173175248859354e-04
5.865620035797978885e-06
1.236717184033927933e-05
3.229976962064009388e-02
1.604685866819241628e-06
1.570153530056211130e-04
1.151923930683868171e-04
4.911070081561520577e-03
1.034631657431066666e-04
1.463436380185062976e-05
7.146242054617454572e-06
4.847017398625809431e-05
1.935605493121020273e-04
9.106654684429978455e-03
4.835790865772303425e-04
1.691386079294198775e-04
6.838049585515905415e-02
1.505329387202830122e-05
1.143726423950634872e-03
9.241482116753287025e-04
3.117011791835939093e-05
6.958325820901823311e-04
6.814657980714703943e-07
4.334871941751320713e-03
1.026573286507163688e-05
8.488568903261633111e-06
6.591921643829636790e-06
9.779053464766687491e-05
2.755399107521671495e-05
1.043909880860353906e-04
5.131969065599285199e-06
7.130347007152720989e-06
3.432853492221429881e-05
2.325741544490758021e-04
1.914782542635660653e-04
6.819483989499920684e-03
9.713422147099070106e-04
7.522428574718923307e-06
7.650529473265259978e-03
3.829952144216835996e-06
5.795381357447178250e-03
2.963914867059623185e-05
2.174179226840648358e-04
3.254883978178118448e-03
5.044366033986153602e-02
5.693024102838051449e-05
1.214221207182661843e-04
1.282540043546714719e-05
1.415687741574577678e-05
3.357142720449010019e-05
1.761113601014787820e-04
4.719974255967664006e-06
4.077697233597108128e-05
5.305290409174658967e-05
8.647549780081000101e-05
4.000390374203182373e-04
7.308769844573534369e-07
4.490356770462406041e-05
2.299153346184941514e-04
4.761070813806367677e-05
2.294424547550040119e-06
2.793376607804793146e-02
6.060926144026785450e-02
3.406771717722344942e-03
2.139726664148949105e-04
7.265260898869217883e-05
1.583698336773440088e-02
5.512358961746581407e-05
1.516295369705762284e-03
5.261414165349741243e-08
6.000180319159815687e-03
2.577685453055503402e-03
5.726465239036128809e-04
6.426689297516193834e-05
1.888688044175620159e-04
8.498531826054536289e-06
1.014233863732798359e-06
1.089817421219146497e-07
5.339817635315370501e-05
1.033270527401891345e-06
5.691914451451775199e-05
2.452538202386797919e-07
2.126977859084617627e-04
9.740867282206780442e-02
2.893083477847393759e-06
2.159480979108187246e-06
1.752414574644524053e-05
8.479960676585093868e-04
1.206153795211527618e-05
2.817305481148373900e-06
3.634990506284582778e-04
3.411322282756532979e-06
6.270144598943142075e-06
2.356185996639316424e-05
2.139853813635265924e-05
4.361052596950170773e-05
1.326190042706851605e-03
4.828987170977080135e-06
1.428364511403459403e-03
1.683295348774656091e-03
1.167742311491626517e-06
2.591676675571295309e-03
4.881896249988411275e-06
3.541787952643698969e-04
2.843852872013264560e-03
