8.503747006222643900e-01
9.999966849806780633e-01
9.999595212635049579e-01
1.553377501346560607e-01
9.948197903314426327e-01
9.999987134238942366e-01
8.063655224243946318e-01
9.176600777400408804e-01
9.999932390705074114e-01
9.434960809680669191e-01
9.998126638600899341e-01
9.998692706644244366e-01
9.999769263182743950e-01
4.311378231067247158e-01
9.999991520073422402e-01
3.907488859488428279e-01
9.622154589828073590e-01
9.999999090733078244e-01
9.999989619838344224e-01
9.999434661279250625e-01
2.872688929806002135e-03
9.222499639883575961e-02
9.999988657704137474e-01
9.999997483327756065e-01
9.999617349328171478e-01
9.999511435044591279e-01
9.917745351911073648e-01
9.999746570687255698e-01
9.999999971349564643e-01
9.999996506977520960e-01
9.999996336330893021e-01
9.999989157124971051e-01
9.999999051185645138e-01
9.999987546405891825e-01
9.999835951032224335e-01
9.999999666810714949e-01
9.999999720849940266e-01
9.999997464120277124e-01
9.999997374077519430e-01
9.999591547470266795e-01
9.999947779945090875e-01
9.999997323609418620e-01
9.999780555973093454e-01
9.999757835719982335e-01
9.999999146517333237e-01
9.999988936464673239e-01
9.999998736747943706e-01
9.999524492002933584e-01
9.851544363945055061e-01
9.999918398999115832e-01
9.999991351284113206e-01
9.999913832085161047e-01
9.974928862833492005e-01
9.987279286213079921e-01
9.980368670177461876e-01
9.999966780677972400e-01
8.680725232909757283e-01
9.999908437527358362e-01
9.999935887007994628e-01
9.999615111319656302e-01
9.999620888340080560e-01
2.257472103582835662e-02
9.999911579358644609e-01
9.999901904393481145e-01
9.113865499508703172e-01
9.999677421319925763e-01
9.998257632002893747e-01
9.980290643543331397e-01
9.999807838184434639e-01
9.999974739802858226e-01
9.894978236210425493e-01
9.999993612026732981e-01
9.999999511725045087e-01
9.999994084752219514e-01
8.373446741746454203e-01
9.999991931855668481e-01
9.999955021578645908e-01
9.999937608617128770e-01
9.791033711037833154e-01
9.998241594380510300e-01
9.974081032140074132e-01
9.999981214211873803e-01
9.925114118100140104e-01
9.999539741892933264e-01
9.999869317138799785e-01
9.999998604712571071e-01
9.999996851065303671e-01
9.999996262320494100e-01
9.999993878842431405e-01
9.999979154249154512e-01
9.999999582983416513e-01
9.999965186720665145e-01
9.999998044487101723e-01
9.999921914519838140e-01
9.999999910168319017e-01
9.999759811410238175e-01
9.999335208082125170e-01
9.999998867901175315e-01
9.999998641655087894e-01
9.999928514847179484e-01
9.999998433766362771e-01
9.999997740025987625e-01
9.999999741500007477e-01
9.999995386104284512e-01
9.999983049222798126e-01
9.999983465798549798e-01
9.996398788894287346e-01
9.999998756769338248e-01
9.999992053830634164e-01
9.999990831998636365e-01
9.999872889385638119e-01
4.099146752068766331e-02
9.968024272586591961e-01
9.999901743093108086e-01
9.999713051860306123e-01
9.999760680162433912e-01
9.996436110101371009e-01
9.999999861169808213e-01
9.999990652209259645e-01
9.999998323765503239e-01
9.999963694841277340e-01
9.999676034662402513e-01
9.999977066983444240e-01
1.737565652121428198e-03
9.999988982995002829e-01
9.555252789143530157e-01
9.999944127660264082e-01
9.999999963887538090e-01
9.999568432193144396e-01
9.999998271904800839e-01
9.999911412823346835e-01
9.999999950129889736e-01
9.999990455068836770e-01
9.999999997080308844e-01
9.999999088559109461e-01
9.999891611961724269e-01
9.996273306124314750e-01
9.999963943297180968e-01
9.999996089797843490e-01
9.999951964708424512e-01
9.999998768038563801e-01
9.999777543866399387e-01
9.999736304760676875e-01
9.997321417284007472e-01
9.539292930492210276e-01
9.954362181234419626e-01
9.999557804604705114e-01
9.587777842178923926e-01
9.999901749585207167e-01
9.814617068696619429e-01
9.999841894130622189e-01
9.998828492888016672e-01
9.999882472727215088e-01
9.999745595655445962e-01
9.999982180549727984e-01
9.999996434669938816e-01
9.999989103434797633e-01
9.999914662818208955e-01
9.999998384939198237e-01
9.999934028498588257e-01
9.999907417324931380e-01
9.999999581443714813e-01
9.999997749981732742e-01
9.999594632077790646e-01
9.996436058463714636e-01
9.999999705327697885e-01
9.999995478520357084e-01
9.999997319351666691e-01
9.999933425506191131e-01
9.999991980504091549e-01
9.999980365109734093e-01
9.999992047766437242e-01
9.999944822170305780e-01
9.999969393734259304e-01
9.999989586363440264e-01
9.999995205293500389e-01
9.998325777599953446e-01
9.999996623009329566e-01
5.783611327899086385e-01
9.999996427283683875e-01
9.984224137453274750e-01
9.994775785237514087e-01
9.998808250296258304e-01
9.999087397028654234e-01
9.999256249630424920e-01
9.999999854168897251e-01
9.999985991452420286e-01
9.999379595086090866e-01
9.999992690529739825e-01
9.999999992965564743e-01
9.999955761992225245e-01
9.999997823003144992e-01
9.999998485977088514e-01
9.999453173824477403e-01
9.997667585989725714e-01
9.999999909507016893e-01
9.999997744041222436e-01
9.999996479365356183e-01
9.999987147479348915e-01
9.998001967797175427e-01
9.998810612755213434e-01
9.999995233477341205e-01
9.999869217095810336e-01
9.999990695954502629e-01
9.999995099313733204e-01
9.999921723882850833e-01
9.999930691503527980e-01
9.999931271541525613e-01
9.999522602473434052e-01
9.999997647897174158e-01
9.999995983755777251e-01
9.999994957965054887e-01
9.999962038025371758e-01
9.999991662688411109e-01
9.995186705915571901e-01
9.997846533468280894e-01
8.862820809869047523e-01
9.999749650308548121e-01
9.999972357389542710e-01
9.999620375592326305e-01
9.999941451950903337e-01
3.108306637455663379e-01
9.999979698719027033e-01
9.999819589784948448e-01
9.999898566315114090e-01
9.999963367147293170e-01
9.999875271246397856e-01
9.999999539725609177e-01
6.681437488838650740e-01
9.998307484361749209e-01
9.999988224074524146e-01
9.955225378829271055e-01
9.997134193342538389e-01
7.108364413890982947e-02
9.999999853313996656e-01
9.999999584595402613e-01
9.999995514030081134e-01
9.999943284620880224e-01
9.999996940856582528e-01
9.999999826651516655e-01
9.988244339301289854e-01
9.999989975430412237e-01
9.999999143432272142e-01
9.996281372618749383e-01
9.999983928469219352e-01
9.999722823377974468e-01
9.999997612700118887e-01
9.997809665256716105e-01
9.926456561286611802e-01
9.999955865963283674e-01
9.999789987303969729e-01
9.999999564441036659e-01
9.996636609530591411e-01
9.998432876813377890e-01
9.998823446681851523e-01
9.967912631311264260e-01
9.999916994850071017e-01
9.992724652422217968e-01
9.999989103276986091e-01
7.265483155404492965e-01
7.440638237499705464e-05
9.999971140593417740e-01
9.999969965677558692e-01
9.711088731088249881e-01
9.998246633305520881e-01
9.999997588176392505e-01
9.999922805400884851e-01
9.999998844677173704e-01
9.999553040956327132e-01
9.999836218500400831e-01
9.999921371119747660e-01
9.999717863192795209e-01
9.997598813303189003e-01
2.271551588884047554e-02
9.999906178844240046e-01
9.999998354789447763e-01
9.999996552241993131e-01
9.999998237405012258e-01
9.999971318507201445e-01
9.999987542552917219e-01
9.999982660689761271e-01
9.999999699912702766e-01
9.999977974415299453e-01
9.999995840986706241e-01
9.999134556018650644e-01
9.999998450766449665e-01
9.999997611133328856e-01
9.999970979147454475e-01
9.999922201175929226e-01
9.999998190880899918e-01
9.999996947298414041e-01
9.999981979220581296e-01
9.999999343867044255e-01
9.999987867257359442e-01
9.999999779340629225e-01
9.999993213965263639e-01
9.999992907010715193e-01
9.999995788396152108e-01
9.999923259297558431e-01
9.999953552084829278e-01
9.999982656684279769e-01
9.999999857779866552e-01
9.999926729617226728e-01
9.999904531652239470e-01
8.935101755858370076e-01
9.999996603033053377e-01
9.999996528715328070e-01
9.999999998577575600e-01
9.999999683911225956e-01
9.624875319349143199e-01
9.923851970974829628e-01
9.999987432718662195e-01
9.999952635700786185e-01
9.999619211599087842e-01
9.999994363890408744e-01
9.999991674391260910e-01
9.999932856017454963e-01
9.996755159096571974e-01
9.993814003256389356e-01
5.069883365207327602e-02
9.999574734482979954e-01
9.999522731502505923e-01
9.999971863796687233e-01
9.998746307793497934e-01
9.999875280667377409e-01
9.998898333806862659e-01
9.999721498462814662e-01
9.379051487821489230e-01
9.999993021787789704e-01
9.999966414394080294e-01
9.999988887697861539e-01
1.310806461396097516e-04
9.990363581583526606e-05
9.993702496708429805e-01
9.944030098693429354e-01
9.999999686369168694e-01
9.986780254744380692e-01
9.992252618520012231e-01
9.999963224744410351e-01
9.999486350347122077e-01
9.999540008661188528e-01
9.950545059575862661e-01
9.967179182074691335e-01
9.999278280073680136e-01
9.998205644021536109e-01
9.999930653696981198e-01
9.999886008148615169e-01
9.998110681415856016e-01
9.987042709016534792e-01
9.999998137909766882e-01
9.999999101399524859e-01
9.999996820668703990e-01
9.767435882467684349e-01
7.117357956237947703e-03
9.948201349729790532e-01
9.999972183861136621e-01
9.999994063723463000e-01
9.997782386103601926e-01
9.998201154927183198e-01
9.999600367801148026e-01
9.999919007461868237e-01
9.999867380962723651e-01
9.999868843355731451e-01
9.989585930148339177e-01
9.961066629665775718e-01
9.998101575486213477e-01
9.999998663594574788e-01
9.998236880202645560e-01
9.998818874665040823e-01
9.999931917927176173e-01
9.999996337659851076e-01
9.488372043553314761e-01
9.999966304155974983e-01
9.999997310620291069e-01
9.999902228851509367e-01
9.999997922786608706e-01
9.999923249711749618e-01
9.999961450476652081e-01
8.812136607480337558e-01
9.999878230844029270e-01
9.999998095259529096e-01
9.999999843668889721e-01
9.999997567349917516e-01
4.267567940755519484e-01
1.726638771745521829e-03
1.905809709095909743e-02
9.999993883453472954e-01
9.996802055600350068e-01
9.999782866570636752e-01
9.999334925227089110e-01
9.948524573647422597e-01
1.677602732325020607e-01
9.999953956823283141e-01
9.999607845230215064e-01
9.999979719262656053e-01
9.999930347075391968e-01
9.999988738519772768e-01
9.999998550547913867e-01
9.998788557259601362e-01
9.999996049773749451e-01
9.999964426134261286e-01
9.999968844702206150e-01
9.999828112903055288e-01
9.916972476438613571e-01
9.999969229854229757e-01
9.999994898306239222e-01
9.999996437511603498e-01
1.522739187880466916e-01
9.999947512353858370e-01
2.338980862028793404e-06
9.999997281332468901e-01
9.999957992500390080e-01
9.890242658996128977e-01
9.999710140644861855e-01
9.999999971541091437e-01
9.999909765064391998e-01
9.999999998415018965e-01
9.999998955771864928e-01
9.999998862560549595e-01
9.999978783280427663e-01
9.999999758644159131e-01
9.999998165968316810e-01
9.999950584311084745e-01
9.999747366540141513e-01
9.999921166127150318e-01
9.999528620998284767e-01
3.358894596444851888e-01
9.981840860209998390e-01
3.942086066586152349e-01
9.997626746472737524e-01
9.964534093925292435e-01
8.022702604737126375e-01
9.766998391917767197e-01
9.595474632287572803e-01
9.666287622062429419e-01
9.999522527799388216e-01
9.999474543198930698e-01
1.592378659474658342e-01
7.012735337145892126e-04
9.921213110285083125e-01
2.532362361232326498e-01
9.999945298642420877e-01
9.653358139969560048e-01
9.998906375067345698e-01
9.643385883220040311e-01
9.998587580208614378e-01
9.999459497936509234e-01
6.252148161283913597e-01
9.999943711333502128e-01
9.923544586633756825e-01
9.998427136293662754e-01
9.999996647199661526e-01
9.959506505136259680e-01
9.999886293038401375e-01
9.999951578634056482e-01
9.999849992028126966e-01
9.999992273795071940e-01
9.999962900449114178e-01
9.999745571677742806e-01
9.988076533276767366e-01
9.999762419570130678e-01
9.065132297234328451e-01
9.883661930050268163e-01
9.995674222539794318e-01
9.981697310715628157e-01
9.940323393287937570e-01
9.952782269338366072e-01
1.886505122786049649e-01
3.722799167652751096e-01
9.997997921269436983e-01
9.999993907291186979e-01
9.999343452804601018e-01
9.999981423359164401e-01
9.999989693754990361e-01
9.999961860109023437e-01
9.999894410262480937e-01
9.995532860875192549e-01
9.999992601087072108e-01
9.959072656592790063e-01
7.538791944214803253e-01
9.999807996528802256e-01
9.999520930670994234e-01
9.999505037736299284e-01
9.986654048300371844e-01
9.999906827090868644e-01
9.999999949946598576e-01
9.999995437582186453e-01
9.985558852158515908e-01
6.614108111087196873e-01
9.999970666929850482e-01
1.566056113171879064e-04
9.998629901235377426e-01
9.999938641141113971e-01
9.998274342022341887e-01
9.999980469135520966e-01
3.296695681488865867e-03
9.099519545926109121e-01
9.040749632731748253e-01
9.993792868854877165e-01
9.902125182491950950e-01
9.999618411118549322e-01
2.921305223274884080e-02
4.576631908182254502e-03
9.801924368825591927e-01
9.423513930527162019e-01
3.206866585306036768e-03
4.538212442757103698e-02
9.439731787843419486e-01
8.731741626553471969e-01
9.929924480558046662e-01
9.999416311678677172e-01
9.999954594058102497e-01
9.999981166707427871e-01
9.999586405841665027e-01
9.905570529553930914e-01
9.999999374054252543e-01
9.999995571959223728e-01
9.999999392282218347e-01
9.999989271548695990e-01
9.999998847851330197e-01
9.999933282982216287e-01
9.999973651313084355e-01
9.999873758826408610e-01
9.998028219319397003e-01
9.998034128126532805e-01
9.998971639669320677e-01
9.997573170243156948e-01
9.999989820468160318e-01
9.999785386049848679e-01
9.997509654619133324e-01
3.357156061693145066e-02
9.964716163217307576e-01
9.999056606407905612e-01
3.483732726250119427e-01
9.998474823814907930e-01
9.999978905598265744e-01
9.999983116531040439e-01
9.973377688048344902e-01
9.999379940142819612e-01
9.989031234085143929e-01
9.999700035923325681e-01
9.557772023928835514e-01
9.999786344438975627e-01
9.997757794148603994e-01
9.999907275691650721e-01
9.999553270680883177e-01
3.742060910380965999e-01
9.997508794385930875e-01
9.999861131262692826e-01
9.817392684366371691e-01
9.997379336933657212e-01
9.993017928512065717e-01
9.994611855448695126e-01
9.998399007473321998e-01
4.165447019434112552e-02
9.999947253119004786e-01
9.996118489167679089e-01
9.999893731182759593e-01
9.572714644990015787e-01
9.991487193516390697e-01
9.998178470138390228e-01
9.999457245119808269e-01
9.999999231443047476e-01
9.999734818386406543e-01
9.999857361132246103e-01
9.988180201949787840e-01
9.999907425039674669e-01
9.999998311839540799e-01
9.999999336488933910e-01
9.999724748877039104e-01
9.998857471560594901e-01
9.976286022826551525e-01
9.999642422476570092e-01
9.999824349546345692e-01
9.968947237530099148e-01
8.439248738163463992e-01
8.825767957503810601e-01
9.999437478683345093e-01
9.699511019406558132e-01
8.401760399052831119e-01
9.973292294137018343e-01
9.995242135296773522e-01
9.996686097069328314e-01
9.990497658345801613e-01
2.151468957776823328e-05
9.999999988034176113e-01
9.999713162822753132e-01
9.999998400080766237e-01
9.995394231933546481e-01
9.841712395127916180e-01
2.929751838810121800e-01
9.994363430688574246e-01
8.178292404273267424e-01
9.465967818530891531e-01
2.720900301861572360e-04
9.993620365974902331e-01
9.999751669765014617e-01
9.994553883727126387e-01
9.985603072092477106e-01
8.587647829037414748e-01
6.437582709035847249e-03
9.996519724245549465e-01
9.999972629264199941e-01
9.999945815933380944e-01
9.994852640072913186e-01
9.999998329270428643e-01
9.999922869337246611e-01
9.999573176077577452e-01
5.368138316589794456e-01
9.996627071474391002e-01
1.181068511113138493e-02
9.999958868926971389e-01
9.999848396315714760e-01
9.999924404406068668e-01
9.997377896832045918e-01
9.999999112846321703e-01
9.999940210965850840e-01
9.999717629160170818e-01
9.750812548726592865e-01
9.999950794394546483e-01
8.620200028564088957e-01
9.985714857614509388e-01
9.998316304024741363e-01
9.886423502611632053e-01
9.940200038905084856e-01
9.999780341328111666e-01
9.986370180755983483e-01
9.999596512192824305e-01
9.956007337308511174e-01
9.997445725118132565e-01
9.999929492965885514e-01
9.998227578808630556e-01
9.999605450066187950e-01
9.994381520216679693e-01
9.947225068848108975e-01
9.050293856606689280e-01
9.999882869647837014e-01
9.999067420260254746e-01
9.999999817181802753e-01
9.999998404921374151e-01
9.999927354742864649e-01
9.999997543131844413e-01
9.999999645498819367e-01
9.999958854775277128e-01
9.998811825285507382e-01
9.999951938198994306e-01
9.843881438171055986e-01
9.999995004607020732e-01
9.999675968806752691e-01
9.999999965390129475e-01
9.999974085020270076e-01
9.999977751547436400e-01
9.991003815958854339e-01
9.999826640037002834e-01
9.739890071987981068e-01
9.999997252004784176e-01
9.999962667064199451e-01
9.999999461872137729e-01
9.999866421889880286e-01
9.999973757833404697e-01
9.999997836740253110e-01
9.997829183509299167e-01
9.999989378229123815e-01
9.997982625383637911e-01
9.999769334330026460e-01
9.999967628005045350e-01
9.999243865635817352e-01
9.999998930956500720e-01
9.999966132799282814e-01
9.998719522216503730e-01
9.999308444513509420e-01
6.637659895304889313e-01
9.999971584917515255e-01
4.851936242118075966e-04
9.943751168171709454e-01
9.999612116590639310e-01
8.154866304549900358e-01
8.127128525464946684e-03
9.999899131433789279e-01
9.999998490693288167e-01
9.999999980547569223e-01
9.999999575469187274e-01
9.999999878410298360e-01
9.999941055671904833e-01
9.999964869489316177e-01
2.579648166763239270e-01
5.562894850901568544e-01
8.648550878565246670e-04
9.999999944369908356e-01
9.999999196346325281e-01
9.999984843586579020e-01
9.999866660786480566e-01
9.999997562252865846e-01
9.999999299340078807e-01
9.999998746802060134e-01
9.999998265969095579e-01
9.999999370570018531e-01
9.999982353911734956e-01
9.999974797302635388e-01
9.999998022614291493e-01
9.979218300409878895e-01
3.662831056163327048e-01
9.999995287160651225e-01
9.999997183241967624e-01
9.999983868917441399e-01
9.999998541322576706e-01
9.999994000960046314e-01
9.999999813943912796e-01
9.551208706400328152e-01
9.999870552059278994e-01
9.999986674131539077e-01
9.999941232024266435e-01
9.999995430188243217e-01
9.999794627512372802e-01
9.999296894520329770e-01
9.999994207029617721e-01
9.999996014589030979e-01
9.999980621352130283e-01
9.999994273296366476e-01
9.997760722287822865e-01
9.999281989403666637e-01
9.999972559278285100e-01
9.998477713614793982e-01
9.986127700163983656e-01
9.999976512653870886e-01
9.999403957924162256e-01
9.999714617779924541e-01
9.999797097943806667e-01
9.999998773067613200e-01
9.999654552198639079e-01
9.999975422869354924e-01
9.999955935305816501e-01
9.999991095913133288e-01
9.888709396768756710e-01
9.999999910597999753e-01
9.999996529177174187e-01
9.999517190355032836e-01
9.999999998493411812e-01
9.999996710929297539e-01
9.999992447026879727e-01
9.999992628526992444e-01
9.999999850044125616e-01
9.999999915838656550e-01
9.999998191318774099e-01
9.999992118505071081e-01
9.999694216207731801e-01
9.999996310074090733e-01
9.999998715504480051e-01
9.999985545157799027e-01
9.999992049124817317e-01
9.999991378076940052e-01
9.999999010665490129e-01
9.999999917107750269e-01
9.999997777913557373e-01
9.999999868909961176e-01
9.999998410920599712e-01
9.999999799990937355e-01
9.999999623429859374e-01
9.999979878961231528e-01
9.999998036359615261e-01
9.999994556100172405e-01
9.999999758107552816e-01
9.999994809529643147e-01
9.999996432491220499e-01
9.999963145363801598e-01
9.999906963385131187e-01
9.998589893627433112e-01
9.999995554804901321e-01
9.999999948960749396e-01
9.999998366826989837e-01
9.999999212378147817e-01
9.999999500152373377e-01
9.999999918156602385e-01
9.999998130411172914e-01
9.999998817999840028e-01
9.971404296057895245e-01
9.999918715617555076e-01
9.999999905787307908e-01
9.999565667857199802e-01
9.999989611605262230e-01
9.999977451157825437e-01
9.999983384317182589e-01
9.999997151557381558e-01
9.999995602422648844e-01
9.999953768373851526e-01
9.997710072723418051e-01
7.062261152635139136e-04
9.963564138305001094e-01
9.999999613609559246e-01
9.994592015762050474e-01
9.995350916686221998e-01
9.997030737367765818e-01
9.999999226706632882e-01
9.999959646153343540e-01
9.999805925479059443e-01
4.757917264052804324e-03
9.849380374174003805e-01
9.999178613524934978e-01
8.737953156243970509e-01
1.035082557503864097e-02
9.999995561693517665e-01
9.999996978708440842e-01
9.999999986161129950e-01
9.999548446658779177e-01
9.953246976306714400e-01
9.991763945745955056e-01
9.983476040019082509e-01
9.985020954628006651e-01
9.999643634026160743e-01
9.998794956348460161e-01
8.664835319200993036e-01
9.999874864776535643e-01
9.963594109577034175e-01
9.999148720941996027e-01
1.035447398952256751e-03
9.998970657409494978e-01
9.999470656743145724e-01
9.999733655187603709e-01
9.999999457182945362e-01
9.999977168199756239e-01
9.999998638527435313e-01
9.992967884972899784e-01
9.956156657974651880e-01
8.432538133146229020e-01
9.652778703009357031e-01
9.999993553594400675e-01
9.999987951463740199e-01
9.999999998079709407e-01
9.987598676517590590e-01
9.999998079821905694e-01
9.999998795970311827e-01
9.948092048955282651e-01
9.999925218674067251e-01
9.999930451674322596e-01
9.999872459102377986e-01
9.999941043909066352e-01
9.999959791673599385e-01
9.999918014336673933e-01
9.999379379544062196e-01
9.999995638692210642e-01
9.998832291165072883e-01
9.998837244750912179e-01
9.998729047856204089e-01
9.999643917657974335e-01
9.999987385683031249e-01
9.999984176105642941e-01
9.999996406578869346e-01
9.998374843286054192e-01
9.999988585134489405e-01
9.999959643208522486e-01
9.999956222565056230e-01
9.999529010109065030e-01
9.999896272877574210e-01
9.999931376886328493e-01
9.963722340091207830e-01
9.971211222601618074e-01
9.999996035428815322e-01
9.999999439733848750e-01
9.999998089762734965e-01
9.999994536195550010e-01
9.999993662839284925e-01
9.999807006480153637e-01
9.999995589355445968e-01
9.999973023371605541e-01
9.999404997375109794e-01
9.999692386547884837e-01
9.999999006095233733e-01
9.999812647389858533e-01
9.999995167378097349e-01
9.999983089647260792e-01
9.999923419250721368e-01
9.998902059491252547e-01
9.997173874455057563e-01
9.999944686646317082e-01
9.999860951833204892e-01
9.999531095915944467e-01
9.999997481267569599e-01
9.823385667843845814e-01
9.999996429773556628e-01
9.999999528922542957e-01
9.999994746630165299e-01
9.999999536846378989e-01
9.999999352961410626e-01
9.998474778376165162e-01
9.999952538576637462e-01
9.999996632927218299e-01
9.999996559323807155e-01
9.999992900561145426e-01
9.999943722207288443e-01
9.999998003422924109e-01
9.999995396759159272e-01
9.999999135325517985e-01
9.999972970095878377e-01
9.999999719183579883e-01
7.159308191161678492e-01
9.999911797916219980e-01
9.999806591211478635e-01
9.999999155526511085e-01
9.999988463399556160e-01
9.999926142926498507e-01
9.999999896903847274e-01
9.999749863885840639e-01
9.999997574017347457e-01
9.999994229090420905e-01
9.999984466529213689e-01
9.999977168288346485e-01
9.999999431011908912e-01
9.999975366948153921e-01
9.999997404684551894e-01
9.999999600988982440e-01
9.999817085562880958e-01
9.999998861442062070e-01
9.999999852245673448e-01
9.999923719651077070e-01
9.999999098018953481e-01
9.999986382511080185e-01
9.999827011506768892e-01
9.999973997969151540e-01
9.999991730208366292e-01
9.999992020701623519e-01
9.999960970660044524e-01
9.999996448231209811e-01
9.999903256928894812e-01
9.999937387976611802e-01
9.999951959459767448e-01
9.999987058569989040e-01
9.987817317092593239e-01
9.999652917720550649e-01
9.999995981785574362e-01
9.999997561051028327e-01
9.999997434478736791e-01
9.999990239993334917e-01
9.999998842803442534e-01
9.999665047644602511e-01
9.998988479338015711e-01
9.999928891689030541e-01
9.999986594218529534e-01
9.999262306804823641e-01
9.999993500597582630e-01
9.999996973978916293e-01
9.997372556333167237e-01
9.999999141657767154e-01
9.999998217095795727e-01
9.999996000459031587e-01
9.973136984551899120e-01
9.999978966879218278e-01
9.999997822781397927e-01
9.999222250531741851e-01
9.999762045743125771e-01
9.999990019275050157e-01
9.998872020470758182e-01
9.999597305722303098e-01
9.997056463800848558e-01
9.999865379479440097e-01
9.999902960438521449e-01
9.999990149764358405e-01
9.999910414615243992e-01
9.827965035640241114e-05
1.707993887701115838e-03
9.999967453925021621e-01
9.999995293663607177e-01
9.999989093823897779e-01
9.999970193108974614e-01
9.999996916538926861e-01
9.999998649431101061e-01
9.999870299005775287e-01
9.998731191997983769e-01
9.999998901898515813e-01
9.999996372340812512e-01
9.999998768040313513e-01
9.979717866733646137e-01
9.999652412046770023e-01
9.999993581693207290e-01
9.999430222318820283e-01
9.999856633002831563e-01
9.999113560437281611e-01
9.999988110963182741e-01
9.999995810261844698e-01
9.999067905369307674e-01
9.999912642822852415e-01
9.999204050755006179e-01
9.999873631763156467e-01
9.999988803998817177e-01
9.999998892685579843e-01
9.998981775408800621e-01
9.999151013766941487e-01
3.327957186280201540e-01
1.801311608642517867e-02
9.999728626751908100e-01
9.999853914504039931e-01
9.999976870539231122e-01
9.998755698264579772e-01
9.999710728456455699e-01
9.997679484720504162e-01
9.999939041699543729e-01
9.999992020689864036e-01
1.481132387619045715e-04
5.040798886340503528e-08
9.972187408667977371e-01
9.225021114061614615e-05
5.663516488896384216e-07
1.468753380973453248e-03
1.429726285042386136e-01
2.094855759055222390e-03
1.928359546784966561e-05
2.850946695269470162e-06
9.987605580469347544e-01
7.703163495857305370e-05
1.525259642222221171e-06
5.095041060390485604e-04
1.098192168976127583e-03
6.353960111065179503e-06
9.331054671450611515e-01
8.146496913312809582e-05
9.991576190998509299e-02
3.782301182426622577e-07
1.644748359661681730e-02
1.553365501132184705e-03
2.027829505409112776e-01
6.367203029660762606e-05
1.427869958558639907e-01
2.396752340203998632e-01
1.306450265102806207e-01
1.790217504678591774e-08
1.733817023502916971e-03
3.697335293182151224e-06
1.779908329802078748e-01
3.976163640104225041e-07
1.019549757694548077e-06
9.098552435412547990e-01
6.885019625321531569e-04
5.077399516575875572e-05
9.999991713646200209e-01
2.690763281238530651e-06
1.122265910281098413e-04
2.092797278364848506e-03
8.022315057743900288e-03
3.659555459753103319e-06
7.602533373029363340e-07
8.950373116746043951e-06
6.386303240424197334e-07
2.769774944795218644e-04
1.162538904480280149e-06
2.912233014661705558e-05
1.377814096006684474e-04
2.585173608742528794e-06
4.749840001203529713e-06
4.690683219147441380e-06
9.998076525188918096e-01
2.673614848545414688e-02
9.998579295162534075e-01
2.982268516805427879e-08
9.999318723205833370e-01
9.794498334093389991e-01
3.740119476621233015e-04
5.922343450330016523e-01
4.292962527189312510e-02
4.133817267610976915e-05
5.558365305678193278e-07
2.368294522967066240e-05
1.084209110048311433e-03
6.896834007631402741e-05
1.285666437598129458e-05
5.335098796980407855e-06
4.104078705751224921e-05
5.164648082926289081e-03
9.788340568963388097e-04
6.935156432812205447e-05
3.435795337745998872e-03
9.990104689560288520e-01
2.501277009636406533e-05
9.815292215374793849e-09
2.818311647573657068e-06
5.385693158212838112e-06
1.947304920196841850e-05
7.669722809961553645e-09
9.176144728164782374e-06
1.991679956796965634e-02
1.612636664462524500e-05
1.886702105737162183e-01
1.047498831481775451e-02
2.200920251205365219e-01
5.129568590175858365e-05
9.798771262854584843e-03
3.935480140682325496e-07
3.271747473183869888e-03
1.080357000710011197e-07
4.798007538175988983e-04
8.201904977921826989e-02
3.197127467482419605e-01
2.601661543324144694e-03
1.003809331820466194e-02
3.062898537017494371e-04
2.552630330258318916e-04
5.812021012760796515e-06
5.642246629768902233e-01
1.815847495150868602e-07
3.298888489151540274e-03
2.714441251806283288e-07
9.851091676246186424e-01
2.524975242845518483e-03
1.637652427237004475e-05
4.618644514250823006e-05
1.237294204949704345e-04
5.110582344593080431e-03
2.412456145296760501e-01
9.384996276223932510e-01
4.565019151587061392e-04
4.996106267240570326e-04
2.241928953114609934e-04
9.508108124959926242e-06
8.191467326484308900e-05
1.892278459606456343e-07
1.264589885894181463e-04
6.367199804954979878e-03
8.347767225031062222e-03
3.288027584319682165e-04
2.412210653348127959e-05
2.125856092799442037e-04
1.165397464332774514e-09
3.675032301898706757e-06
1.250651092450302815e-06
7.960593003837908910e-07
1.043435676097981615e-02
1.283952151381331178e-04
6.277321362661697490e-01
1.044901079631116794e-03
7.910481030997441345e-05
9.134880667359782658e-01
8.856505654363033830e-01
8.718031835184646139e-02
9.749477934043759841e-01
1.408226995714450993e-04
2.666033495671366179e-07
2.101628728397835142e-05
1.228368557117582380e-05
3.134500366994368847e-01
1.080470079508579395e-06
9.615945264415998173e-01
1.509020695653360216e-06
9.949438126462718942e-05
2.569968193843436538e-06
1.197960317369123776e-06
1.960718960748882543e-04
3.941317085785177306e-08
1.938024158646832986e-05
8.713050429332956925e-01
7.237305989278589303e-08
9.575798752971895755e-01
2.228953423401664191e-01
4.439907898611698186e-07
4.070369148360425355e-07
7.609714862358590848e-01
7.552210295777740797e-05
1.927291931843625739e-01
3.897338513081650789e-05
1.251828666440007261e-04
5.766363614166327526e-06
1.803555496283593941e-06
6.956350442797613930e-04
1.410668464877583295e-02
3.472387062202188452e-04
2.384685789285369660e-07
8.955828464341148987e-01
1.415149320704385452e-04
1.356785798457926079e-04
7.698113100772390194e-01
9.898417521480681325e-01
9.453917702668663825e-01
3.449051914692519995e-08
1.180602485566739566e-06
4.715248289411285656e-06
6.470253919324557047e-03
5.231838783739671817e-01
3.185047168226417158e-05
6.787885918097625870e-01
2.268194694224731536e-04
6.245624906469185759e-05
8.053525283564270877e-05
7.133742775811992114e-03
3.280891892547122121e-04
1.835748980032283459e-06
7.025470538513469733e-04
9.996711490052032634e-01
3.174866864178838119e-04
3.700245845304115072e-05
9.939754370190430066e-01
1.442536467900522192e-08
2.262511022332399258e-04
1.897173058336573898e-04
9.160190845155547349e-07
5.898715182820958743e-05
9.693760717446403552e-01
2.573603066114361626e-01
3.625916472792007905e-01
1.175387220118012535e-03
3.287727451617120794e-02
3.943433878517923650e-04
1.189641317023324742e-02
2.676858182374849005e-03
1.214421937236686235e-06
3.576658776668782160e-03
7.750203043338029993e-03
9.575773960343878510e-01
9.736602782643000165e-01
9.936024080769380705e-06
9.608575408294842690e-01
9.940150588354683681e-01
2.677078611796170079e-06
1.502423147059828573e-05
1.512252618768335777e-01
7.859505132565274433e-04
1.556781462287888879e-03
1.512962860348187333e-01
5.884188425320949434e-05
1.443393782186389585e-01
5.108571563471343136e-05
6.283294724079970466e-06
5.528161792294215005e-01
3.478746626028774750e-07
1.397089085124948206e-02
2.302496025891887497e-04
1.532569610266977533e-05
1.870882610583081071e-02
7.563178335744671354e-01
1.326137740477589203e-03
9.997160848556818635e-01
1.052943980322962984e-07
6.301492464920791219e-05
4.374613093351802920e-04
1.424064660654719195e-04
3.469553178004396247e-05
9.141489350803192956e-03
7.022333915851552760e-04
9.717140129995275322e-01
5.436795396526560411e-04
5.524228598780321989e-05
5.303061310409302835e-03
1.217822240022959048e-06
9.160148521197558272e-07
9.418439313657278600e-01
5.516717470599309801e-06
1.476053255258415328e-04
7.010517597767937947e-08
5.747197774829885253e-01
1.780868316687338878e-06
1.915539943819443217e-02
9.803412766267147749e-01
8.660401081409997426e-01
3.176413502491901687e-05
3.236542050876070549e-05
9.335870837813285456e-05
2.492558312124190745e-06
4.366391895985710727e-07
4.502767279381347451e-03
2.892077933696198013e-05
3.901100003433562169e-02
1.171818319166021645e-06
9.733942640789059169e-04
1.816394844665475948e-04
1.865909074008023189e-06
1.726629439780913216e-03
2.034289261008102878e-04
4.069248207557979566e-05
2.417652100019544465e-03
1.993987130628915606e-05
9.181249388220882324e-01
3.957308325444320261e-06
2.597119058884367272e-04
3.376608183973229135e-06
3.435797450403848007e-06
1.247626762212759022e-07
1.746457856906603312e-05
2.992350913606526761e-03
8.288988521635555859e-06
4.781955068179567954e-03
1.701285620285990619e-07
1.816524380175906531e-06
1.309223929049371869e-04
3.611038877382810076e-03
1.821485589106461428e-05
1.235690024149733681e-05
2.327747693395768592e-07
1.198389214270199031e-03
6.308253920947971266e-06
2.739124003646209159e-06
5.605077781313759500e-02
3.207884476250215817e-05
3.570958924421090402e-03
1.903138888073700505e-08
5.798544200652775468e-05
3.688933855821578298e-05
2.793713846703682775e-05
1.138014832230703531e-05
2.987987002542543432e-04
4.831694183189621470e-05
1.353500316648229701e-02
2.246430609595660850e-06
9.789132533092028614e-06
4.396141030388776378e-06
3.469976635899613398e-04
7.474361679369628808e-03
1.665751716592834777e-05
4.500203176607649115e-04
1.121639214420870232e-05
4.688412478946093733e-05
1.076590726041427978e-05
2.569211013315104658e-06
8.992419878372255712e-05
7.354147056587736475e-09
5.159686526833627333e-06
1.087774964790227357e-09
2.454174359907905067e-04
2.519614131088073425e-07
1.760451219242335166e-06
2.172936496914687397e-08
6.929861850178717191e-03
1.330303257848667947e-04
2.999764860086611814e-05
8.574013402653833153e-08
5.556464630131872753e-06
8.398470840318364862e-05
6.740408381141767919e-04
1.058031918005711427e-04
6.386742391584711753e-05
1.078347011733755620e-02
3.147287809543101577e-05
5.813316953660442810e-05
3.633493561292890295e-05
2.244870212392515371e-07
1.209785829422955731e-05
2.155159912748306951e-07
2.667987980744050127e-04
8.340674631073743977e-06
2.021273338506502070e-06
2.273888416127490490e-03
2.095414845638394574e-04
8.862464802562984120e-06
1.539459197438668776e-06
1.069022838465559337e-04
3.125580635780189383e-07
6.326784288362296217e-06
1.568783520407111961e-05
9.287307708065271945e-06
9.290979396353909713e-06
3.554785204646849571e-07
1.592518998559094354e-06
4.156978471313939241e-05
2.914963910271547850e-07
7.281620215224532595e-07
2.180841857721268345e-03
7.748342423837086972e-08
3.320587818403395825e-07
2.700473361900988800e-02
7.325643010904054307e-04
9.999425994342048263e-01
1.256632913134316118e-05
9.836167554921300571e-07
1.911041237666304471e-07
5.367612722436097726e-06
5.944902482660805091e-08
1.124692525055069110e-04
3.571363773895566072e-05
7.960465898700066822e-06
1.420939248438025167e-04
1.252515972965336009e-04
3.766961105091289977e-09
8.271440078016635382e-04
6.853333418519125470e-04
1.424424623742336776e-02
7.568242224531641416e-05
8.509347546773901385e-08
8.070424141094706714e-08
1.903312241448177366e-08
6.377347688043760155e-08
9.965621776316422320e-01
9.050029203362806144e-06
6.688703034830652087e-03
3.311349069091773452e-06
3.288329925308155501e-04
1.137200960297689286e-06
3.872502879268318525e-04
6.605434358057209573e-09
3.911587645362668938e-05
2.408142759647621690e-08
1.402242430489472245e-06
1.703985700330266954e-06
1.886032434368701107e-03
1.453207642864125963e-06
7.560030289752275911e-04
3.980924001385655374e-06
2.407966059073218672e-06
2.503661636047075569e-06
1.661561932434867222e-07
5.183275428753315747e-05
3.133790401525918288e-06
3.380423989917852355e-04
2.163975361571831939e-04
2.825283215147772065e-07
4.993848050238829106e-04
1.023402953930100923e-07
2.913059022772649179e-03
9.857123943038308085e-06
1.458710798454712068e-03
4.603449509973681075e-02
1.918026847499768683e-06
9.426711003511771981e-04
2.218953728814423054e-04
1.978803026339252606e-07
1.181433626375361331e-05
8.011535083507012504e-07
1.737781749502005384e-06
9.980230599142563275e-01
1.187666030974545385e-06
1.442779697990671860e-06
9.439498346666068312e-06
2.605547346952986573e-04
3.838214922735274570e-08
1.178067639705475556e-06
3.430782937728141874e-08
4.163217032826600821e-05
3.028603698339299845e-04
2.191166107138058441e-02
3.660439135812026506e-05
7.209387803169371937e-07
9.115778629830113627e-05
2.683553786895929300e-02
2.750146677542134131e-03
4.757585246906886771e-07
4.629235742812080612e-01
2.736976602413641601e-07
2.694829351579453090e-04
9.985429926593588634e-01
2.716065071086328071e-06
2.990597658669938257e-03
1.931838830117514426e-09
9.899023333134197022e-01
1.367947611689956279e-07
3.808225721126548557e-02
2.794692632734983428e-05
2.469537716603317432e-02
9.519274387702311319e-09
6.802894565132605077e-05
7.275287490726520690e-04
1.433772378764375686e-05
4.996197885876303008e-02
4.213857645636275018e-03
4.639840704260280954e-04
3.556451360716010837e-06
5.184044670659544539e-05
3.277048196556127158e-05
2.179927564081196589e-03
2.026836838843053402e-08
3.056269574181120446e-06
5.526978792922534670e-05
1.926861040547351699e-04
6.762211989463696755e-05
1.324305854867445409e-06
1.060844913504835845e-04
2.875647925018411480e-08
1.981303412344140454e-04
7.899235738462634304e-07
6.501858281519921152e-05
8.382312352678694735e-08
3.470272731872938685e-05
8.114416596749122963e-06
1.176363211755182317e-06
2.858739353484224777e-06
2.559040049968196845e-04
5.758043477172631061e-07
9.878667950310284773e-01
6.464979135339755656e-01
1.999631715979497402e-04
7.510096994193000901e-06
1.411787768637721492e-07
2.553067187123314615e-05
1.031494631860466358e-07
2.496231619783445890e-02
6.068129359892636208e-07
8.702230673406995409e-01
4.953792606805464991e-07
5.781210057481760405e-04
4.643918952870455417e-04
2.979639209074205720e-04
1.454006408005936776e-06
4.629779087369163869e-04
3.564305345921716928e-08
2.415223290000317393e-06
2.049265342031173986e-08
6.125064236907975385e-03
4.316955757369889804e-06
2.559489280151548170e-08
3.347509716797519104e-05
7.500268810657096394e-04
4.823703427380653802e-03
1.306686895572701233e-07
2.581424096757595123e-05
5.422890898543554321e-03
8.396210404914420576e-06
8.651301214432562114e-02
9.827230229917034432e-01
1.012843280370837040e-01
1.503131298973346614e-06
2.220728638860512471e-05
5.766069123893529953e-04
2.782216590718671685e-04
4.817645045376943713e-07
2.556371710352710207e-08
1.601836251860305909e-05
5.009315588454032161e-07
1.717768280529165215e-05
6.475278970233369624e-02
3.870698246399145986e-05
4.093603250583247200e-06
6.247072463396415266e-06
6.410278321417594574e-05
2.423459986230485641e-01
7.003774162287663280e-03
2.565325820116363912e-05
5.822223759030884968e-07
3.654678772367224357e-06
3.697026507144707833e-05
1.020185052304226330e-03
3.852333937179456321e-04
3.643512424273604583e-02
2.950390706105611996e-06
1.572353105783812720e-04
1.037757616472456586e-06
1.815295949997804314e-07
4.632014800321100216e-06
1.631758506568447778e-05
3.791711807066056260e-10
1.288594269118323833e-05
1.227970374491009660e-02
1.048465700935945731e-03
1.148280984584165132e-08
1.032759637404093655e-04
1.379982071294899809e-04
1.987596643102508174e-07
2.011404342369949898e-05
7.105167638576122896e-06
2.194765983667381327e-07
2.903102988187320948e-06
2.733150257126950775e-07
1.859910748793938854e-07
1.762917998669217177e-06
2.615497755478219180e-02
4.254987172333708507e-05
9.799225620069467184e-05
3.344830100251719941e-08
1.532009752061937223e-04
9.845359703729223907e-03
1.666663050211697665e-05
1.669392478479996738e-04
2.429502497952100665e-04
4.071358850546628597e-06
2.295971512368112188e-04
1.579319057923987853e-06
6.414458544309458113e-06
1.365553059588410766e-05
3.969669041731632144e-04
1.960386587178252632e-04
5.049047998752062880e-07
5.259998355200716844e-06
9.016755135829376822e-03
2.168300391556783429e-04
5.024297286508411448e-04
9.000097908691196519e-07
2.174571917939169977e-08
4.586085644479178600e-05
2.854406297759721350e-02
2.187989731973689986e-03
2.242648736196615566e-07
6.059177660634930017e-04
1.090676911672342131e-06
4.249662535479469330e-03
4.154100008781778832e-05
8.119914440213393347e-05
2.202003423279980044e-06
9.862200174855031420e-01
1.948009342065091804e-04
9.611063080294572842e-04
1.778057210693953307e-05
9.588160948103594559e-09
3.199873427725167347e-05
7.072230944868395860e-03
1.971505960030756626e-07
8.000705395786501952e-06
2.337558591831774516e-05
1.461455682650152280e-05
4.404233946961015007e-06
8.179863847802527571e-07
4.314879860547509998e-07
1.928034868592259186e-05
2.111174221092502885e-05
1.753034700778450779e-03
2.311833463617337671e-05
9.815009969925455387e-08
2.271928733682067152e-08
6.411920826783081115e-05
5.783604574875205080e-04
2.810091686158651931e-05
9.918215643217726234e-04
6.020565786671291171e-06
1.468126277350567687e-04
3.441612400339098766e-05
3.733782413675547936e-06
2.495124800277799079e-06
3.442269448983080156e-10
1.519850575876701493e-09
7.906420725216760731e-06
2.477623980669899894e-07
4.670323024652623011e-10
6.502439962522684238e-06
1.382530646312884592e-04
4.026823956329163997e-06
2.376115067360995729e-04
1.119610788294644055e-01
9.985015561769767789e-01
2.308144183725355514e-01
2.639431643642941582e-05
5.987966337049272013e-05
2.376462771288893907e-06
3.711643033377733016e-04
5.696084879001040108e-05
1.351202028826591528e-06
1.938416626188054902e-04
2.173385025154166681e-07
3.724478139825613689e-06
1.634585778213525318e-07
6.636028923622994072e-06
1.387290009288502310e-02
1.053497324388495669e-06
2.044316983744033460e-04
9.824749168593649592e-05
5.053155243708601379e-05
4.218971954008757941e-05
2.064531223819751738e-08
6.221542040227350094e-06
2.005132984511665136e-04
1.225050113061455694e-03
8.308641142149031753e-07
1.938353589753581905e-07
7.611058858465876709e-01
3.522462489870971799e-08
7.646397050576637098e-05
3.687805755695014561e-06
8.817568591585496496e-02
1.922565389808096264e-06
9.576036940219397053e-02
3.573696910542058431e-05
4.722384119728696917e-05
4.657547388050619682e-07
4.933350264392654046e-06
3.640849589794080150e-05
3.736658448554460976e-07
9.206211034525096953e-08
6.347659072965451111e-07
1.050209689687467123e-07
3.770043786627075985e-06
6.775303342440272010e-08
5.025003273862637998e-05
6.406204667456415928e-07
7.917630200758360437e-02
9.547089006200370652e-05
2.194357535432408965e-06
3.393423525246681664e-03
1.884295509855056274e-06
4.049280049495755651e-02
7.351055228410785676e-05
6.686071791330044272e-05
1.612592084070934391e-03
1.373746403829473241e-03
1.582793096973355267e-06
2.949604515153053108e-01
1.782077126033520572e-06
3.186508394200308875e-05
5.247016792713058268e-08
6.505427175728869319e-07
2.389574767378185228e-05
5.627151340970129893e-04
2.071101780401634371e-05
6.660293852575444561e-04
1.408862093969095401e-04
4.465705147712818706e-08
8.496183184359084270e-08
4.037134002449886298e-05
1.455678678186600079e-07
1.925255484322127173e-03
6.703835411574443455e-07
9.551374918915420814e-03
4.181840076212284263e-01
3.196581956205200078e-04
1.630588212388174994e-05
4.552531696516194399e-04
6.904229278203560241e-05
2.323919892777248479e-04
6.883174258153652305e-05
5.027344554066452878e-07
2.328444837989081977e-04
5.133923662917831090e-06
1.221514859987620969e-07
3.312244955307091606e-09
4.705877046864926673e-03
4.404447089957222797e-04
8.227773184618103215e-04
4.111043594983325722e-01
3.770915099893137086e-08
1.158146572171187187e-09
2.214781014759663859e-05
4.486862571678098201e-06
1.405955274141946397e-07
2.439416405742780977e-04
7.141443468389736438e-07
1.232514475568375272e-05
1.560466162642233472e-02
1.005038920414871688e-02
8.257805997250677227e-08
2.182401047854589904e-06
1.343063279573554437e-03
2.860942698098055126e-01
2.330788330023021598e-05
2.797418381720222301e-05
1.218393766702013416e-02
1.074643973895039600e-01
6.435225302783889037e-04
1.700814666164654873e-06
2.716721518185030752e-08
2.393646998332333610e-03
1.698658027712518178e-04
9.788356570224551190e-01
6.843597664471555778e-05
5.510120301197488470e-04
4.451383799667476334e-05
1.832642408217073759e-05
7.228520679102469877e-07
3.188445279040582345e-04
5.726544415388556042e-06
3.324962285200028407e-03
2.300165060486432714e-07
1.357028502041019835e-06
1.029729911496085837e-04
2.288109386357727546e-06
2.854259562874065746e-10
1.736315099512715092e-05
1.941990654061738992e-08
1.431528106627918598e-05
9.678367665696953565e-05
2.716612628582106481e-04
2.396023001848705326e-04
1.122882772557457596e-05
9.999651231377105765e-01
2.659051105391562965e-07
2.460591270023062259e-06
4.624213285794930612e-06
3.065119660136480517e-01
2.962532449952783617e-04
4.663772310243336538e-07
2.123359581218157245e-05
5.966331513364315190e-08
1.297002591049626399e-06
2.765613279103870323e-04
1.253461991525862007e-06
5.054152138932816113e-04
9.860424469338182618e-01
9.111835971733963247e-05
2.087223717853465377e-06
2.678906525906812872e-05
5.991276923430595512e-07
5.774616713144703007e-04
1.046848430687650003e-03
8.865256336855602021e-06
4.516806553548822177e-03
1.997950871128858149e-10
2.513324484712037009e-05
1.325319148148622497e-08
8.279820261811063299e-06
1.533966107014150088e-04
5.129214379552153374e-05
9.506118776106628642e-08
2.894331641685951866e-04
2.143668455416463392e-01
6.451086035914792414e-06
1.038390854840585997e-05
6.856002000554137991e-05
3.085326589607634035e-07
1.107654854509953143e-05
4.469374809673696983e-05
1.320474513862384868e-07
1.583391815468135691e-03
9.192267382028068246e-08
2.388600767749907703e-04
9.404459399749212623e-06
7.892693992986379249e-06
1.778964349902887113e-02
1.648998950149234833e-04
5.086822228230417420e-06
3.554566709306266687e-05
5.786628076971210721e-07
5.633902103979248936e-07
4.116435104468788730e-05
4.514786720121330757e-07
6.260295087591590131e-07
9.393770585527192883e-05
6.051014431848897800e-06
3.587938000969766601e-05
9.953622927335789832e-06
2.946123700791461069e-08
5.043243761497047048e-04
1.354347477923440038e-07
3.737005483610995329e-05
2.146168687385365927e-05
1.126576086398521431e-05
4.935405172681223834e-03
3.254072296450879117e-08
6.215723545772532816e-06
3.546436934010189681e-07
3.079541687548994447e-05
1.399342509285837222e-08
6.300572551200663303e-06
5.382665175346457668e-09
2.383265093851839773e-07
1.479015478608371964e-07
8.544291105486001213e-09
6.975595238949470840e-07
8.974698766574980144e-06
2.637062642607310606e-05
1.727506182421825223e-07
6.320572852548219027e-08
6.575258968931260195e-07
6.902028689161809061e-06
6.474465438381658605e-05
1.344609703616364544e-07
9.854924281361629205e-09
1.516410925286901072e-03
5.622243996421656463e-06
6.641648534949533940e-08
3.096927779234431741e-10
3.638426488792612055e-07
2.851726576861530424e-05
6.296131242975044816e-07
5.749209334658013024e-03
5.471970647471974607e-06
1.832757681833672657e-06
1.901293078801886854e-08
1.158512834225894766e-06
5.461086064648066982e-06
1.626260706471334590e-04
3.953007678366895523e-08
7.677341442717458552e-08
3.439622287014200159e-08
9.856677795248399896e-05
9.510328368815094951e-09
2.980701703062804991e-07
2.974659965565033671e-05
5.577984236027500059e-05
1.726254981906414992e-05
7.145886928513133732e-05
8.402483948585323931e-08
5.651798505784990637e-05
9.543369180523335052e-07
1.690116583262615214e-09
3.510040470130170925e-08
5.963153940074448402e-07
5.365679144868194808e-09
2.123062719077393220e-04
7.544319207279201994e-07
5.443118697746057525e-08
2.918627931719104240e-03
1.205724642830679513e-05
7.170898212088996165e-06
3.030398758657413540e-05
1.709438033954952884e-06
2.133957048903353636e-05
5.305018332651951344e-07
2.570732552328351301e-07
4.313224139655832956e-03
9.264367708131567025e-05
1.860887110599959156e-05
1.401971820352787672e-06
6.629510979455719571e-05
3.966363273751650511e-05
1.938793655832401653e-05
8.704169422421057650e-03
1.052152496474510895e-05
2.762476868394218036e-05
2.261566418167403804e-05
5.900970179560719770e-07
1.052026802273157806e-03
1.457591845554393639e-06
4.768745851486786585e-04
1.061323667486923763e-06
7.356634083456824628e-09
2.227444446829880849e-04
7.084867142331966983e-07
8.508661635258473176e-07
1.310399352654806827e-06
6.918189025745204759e-06
2.159390058877820226e-05
1.244178253598719498e-07
1.910108793037608116e-07
9.850879216845871700e-02
9.915912659035170870e-03
6.538183737034991899e-06
1.738863619621025189e-02
3.839079025365737657e-05
2.293007501456283418e-06
1.664036804970197855e-06
6.325691941458024384e-09
1.787262379094050070e-07
5.013548916038502480e-03
8.291941677859648930e-07
8.934554344457968961e-08
1.012749395730721402e-08
3.150615073011196822e-06
2.116822094019068086e-05
1.979608786600047265e-07
7.606122349996263400e-07
1.728424629755941461e-06
2.118629426438906211e-07
1.743898784427205595e-07
2.155867415364113826e-09
2.681161648663462542e-07
9.375175036196444990e-09
1.471701238276704638e-04
8.039632662372770897e-03
1.817634568317800837e-06
1.425156653260949324e-07
2.593561262085557120e-03
1.730134224460714155e-04
1.031621358262426502e-07
1.019178242688285209e-07
5.020752309752514202e-06
4.163803577427287260e-07
4.689701339561769568e-07
1.299244448457846740e-07
1.657075106431277894e-05
5.141968790016636462e-05
1.004503117590555072e-05
2.586543231407406271e-05
5.001585027020126881e-06
1.946179898713839001e-04
9.941141441821945603e-08
1.588215127886960620e-07
9.848967194445255058e-08
1.138304435906769126e-05
3.172132057247086936e-06
1.071552039763285988e-02
7.978707568493792548e-07
4.007430796813333703e-07
2.518528968991972728e-04
6.239138414904667947e-08
5.455787398890126122e-07
6.361264430058918887e-07
3.831184448197785231e-07
1.819239154300001380e-08
1.071150618912234101e-07
4.788776787251118900e-08
1.257518903798790918e-06
1.754705083475038336e-05
1.260433640947399144e-03
5.093319420958291509e-07
8.123374161487673066e-06
6.241670591892844763e-07
1.949141504188898404e-06
4.175577464912613498e-06
3.518324769774233652e-06
3.907064601895440803e-02
1.819066178405410723e-06
1.763278483841937091e-06
1.316078802299602712e-06
9.844486535332242222e-07
6.066319418337836577e-08
2.713097942750718550e-05
2.246534933721633549e-03
1.747221428252519384e-08
4.887002632844602689e-08
5.565804775331039236e-08
2.880922723775284017e-04
3.243426075691214860e-06
1.548831977974679536e-05
7.446713282049285144e-07
9.724543232810618090e-06
8.065448944805200091e-06
1.208560470120379274e-03
1.037485430130122646e-04
7.639049681760648243e-07
4.200097286963229276e-06
4.361557354099203504e-09
8.479399807006563991e-06
2.287453052515404585e-07
