9.051128421983276606e-01
9.970393365527314700e-01
9.742510357881519756e-01
9.999980591007427977e-01
1.796229115751405148e-01
9.995049753658677982e-01
9.793955817730738422e-01
9.999862827394853104e-01
9.999980666831684850e-01
4.641706411846400759e-01
9.878942326683971542e-01
9.995164666046487678e-01
1.818116189784592662e-01
9.954998112202578797e-01
9.985336835732627758e-01
9.999995173791453862e-01
9.137797039498963825e-01
6.954829054463422858e-05
9.999681281101328034e-01
9.999749026456317136e-01
9.108190102967968216e-02
9.989227716571745797e-01
9.977306764852470478e-01
9.999994034862672576e-01
5.160345392239096274e-01
9.999296192864587374e-01
9.981552706073435477e-01
9.999942214365227233e-01
9.999438297878854298e-01
9.984465877619664864e-01
9.999969474854299989e-01
9.999856647493189366e-01
9.999928226177716706e-01
9.999995631977699473e-01
9.999954436208970954e-01
9.996105663658085838e-01
9.999999803022082689e-01
9.999991835473232005e-01
9.999999579204934541e-01
9.999975337260804675e-01
9.999994307709311192e-01
9.999992635056049739e-01
9.999999476819124711e-01
9.999991146466018499e-01
9.998842254545790009e-01
9.999925754413462320e-01
9.999995573035219687e-01
9.999885700995592153e-01
9.999328595300844835e-01
9.999504417795715971e-01
9.999904848006521130e-01
9.999952530301517983e-01
9.998927344506147730e-01
9.995513689835119342e-01
9.999973811755342723e-01
9.999824683114988400e-01
9.999996915965793098e-01
9.997966027210847262e-01
2.330932328820798372e-01
9.999995395941631005e-01
4.662816917024160124e-01
9.989426572380223357e-01
9.993523283978457128e-01
1.990591256837633549e-01
9.842013429712737071e-01
9.999955949246982501e-01
9.999853936901165197e-01
9.999823235032112567e-01
7.090361402628230772e-04
9.999373104645218335e-01
9.998912367860622874e-01
9.999670548624371991e-01
9.999999222097472051e-01
9.999987461247609177e-01
9.941405894152473000e-01
9.999962356548935949e-01
9.999883978846836330e-01
9.999891704394812120e-01
9.999999215719358459e-01
9.999835103113978718e-01
9.999782053373366120e-01
9.998999358106126500e-01
9.999992401889932214e-01
9.999992500047683031e-01
9.999958628052684206e-01
9.999907645533059330e-01
9.999999457953085980e-01
9.999976041896808665e-01
9.999999410097545338e-01
9.999999754063627622e-01
9.999996948829484866e-01
9.999999380078351541e-01
9.999877389126931027e-01
9.999997729941820790e-01
9.996761679780318266e-01
9.999996984755478158e-01
9.999995947267082963e-01
9.999999658000119362e-01
9.999642222460983776e-01
9.998683580479427180e-01
9.999846796393369042e-01
9.997809441757409266e-01
9.999984866964531927e-01
9.999999597878114210e-01
9.999954300121876027e-01
9.999995679981003027e-01
9.986807199024805293e-01
9.999999207452231476e-01
9.999231603816063352e-01
4.483649007092654210e-02
9.999808906642433382e-01
9.999474658694397222e-01
9.999999061326684258e-01
9.999976026003042362e-01
9.410346440026962078e-01
9.999976297527856106e-01
9.999991534094676560e-01
9.999945574804394166e-01
9.998171009637757400e-01
9.999837134877532785e-01
9.993342078046379973e-01
9.999998307476360981e-01
9.996099192199106032e-01
6.409787737992815267e-07
9.999992637342957069e-01
9.999999998145943092e-01
9.999933188755204538e-01
9.999987328436638068e-01
9.999994779581272697e-01
9.999629144860490149e-01
9.999995981728497796e-01
9.997139813379948281e-01
9.999983275640671465e-01
1.346509245645287067e-01
9.999999345610298684e-01
6.259276723705807510e-02
9.512517656608733274e-01
9.999996729303077814e-01
9.996921923562195333e-01
9.987385580661904960e-01
9.566786581131295208e-02
9.999411019968934555e-01
7.625922694865369111e-01
9.902807970072072807e-01
9.985851417908639949e-01
9.978383525987974956e-01
9.999972081537535917e-01
9.997909281896195655e-01
9.999566445649918922e-01
9.999995329523206911e-01
9.998760869114320382e-01
9.999980719941417018e-01
9.999995067219451528e-01
9.999989168727837496e-01
9.994036519441590327e-01
9.999998713488468249e-01
9.999846622672409202e-01
9.999672638745593645e-01
9.999897377272952692e-01
9.999811044569882901e-01
9.999995093213084330e-01
9.999333908761036671e-01
9.999999833737598376e-01
9.999977661249452865e-01
9.999963581749105046e-01
9.999987877236474754e-01
9.999992294198996046e-01
9.999993422575780277e-01
9.999997706852576940e-01
9.999879933387348929e-01
9.999949845781093138e-01
9.999755804114666136e-01
9.999778521684846710e-01
9.999171543332656675e-01
9.999663773556050073e-01
9.998321624425463572e-01
9.994113017088931405e-01
9.999992177729867260e-01
9.999995845102901404e-01
9.998945886201672240e-01
9.999050049170040699e-01
9.999976470572590204e-01
9.999920864251182762e-01
9.999689647326508446e-01
3.832850253867878809e-01
9.999974740242606464e-01
9.985302029401040835e-01
9.999712567680316688e-01
9.999997799047102287e-01
6.481548096838863833e-06
9.998476221264063213e-01
9.999989906006118145e-01
9.999999972490585254e-01
9.839561508782656007e-01
9.999826915272022054e-01
9.998615100900358765e-01
6.169473215576540825e-01
9.999801514212246500e-01
9.756250509846612351e-01
9.999921295874630855e-01
9.999997828160916979e-01
9.999999998327797623e-01
9.999997923795189703e-01
9.999993243138307619e-01
9.999934107428234409e-01
9.999993128236358553e-01
9.999999981191909360e-01
9.999676636537118135e-01
9.999974030043965456e-01
9.989094734595146408e-01
9.999955301104299643e-01
9.999943725975283249e-01
9.999990341827926787e-01
9.728227914770365414e-01
9.999755926109389348e-01
9.943840869587858844e-01
9.998742752248691579e-01
9.999992300426434610e-01
9.999992885481446825e-01
9.976285823942655506e-01
9.999998166861451265e-01
9.999964644432262073e-01
4.484784921348143327e-01
7.889646751398077251e-01
9.835090941002495590e-01
9.999981379163328521e-01
9.999975340590425699e-01
9.994088556549191038e-01
9.999916488563140859e-01
9.999999594493923505e-01
9.999982457946029468e-01
9.999999617044227351e-01
9.999963149688889663e-01
9.999996969215082521e-01
9.999999450570314918e-01
9.999995830379053707e-01
9.999365289273733914e-01
9.994602793860561940e-01
9.999991398221144134e-01
9.999999683892420999e-01
9.998874230550189868e-01
9.999969736120682962e-01
9.999997296067105745e-01
9.999984478261984000e-01
9.999974146250827367e-01
9.958899482242807855e-01
9.998519106547919533e-01
9.999261196225175397e-01
9.999998850704862052e-01
9.999957480653990372e-01
9.999992170128617630e-01
9.999927466639753071e-01
9.999913072294126515e-01
9.999154458427522707e-01
9.773713849782940111e-01
9.996117651071366739e-01
9.998501343244978745e-01
9.998655861523688682e-01
9.999796357033799987e-01
9.999985539211656560e-01
9.999987873211695355e-01
9.999999154721470607e-01
9.999998652681054701e-01
9.999753080104953895e-01
9.999983775364462701e-01
9.999999062847321207e-01
9.999998308282398440e-01
9.999806318871462540e-01
9.999997857636734322e-01
9.999939167098783610e-01
9.999993259036531468e-01
9.999999609239744736e-01
9.999929307061466988e-01
9.999923316639154347e-01
9.999994671269167856e-01
9.999999646182092805e-01
9.999998219122332443e-01
9.999967565283999216e-01
9.999280258732675675e-01
9.999991627699569285e-01
9.999781386138043571e-01
9.999999792588527558e-01
9.999968506463365880e-01
9.999993233765043232e-01
9.999982256465773656e-01
9.999992967057221849e-01
9.493461389787459792e-01
9.999893944702529236e-01
9.999699003887670967e-01
9.999289743762662663e-01
9.996405689116590887e-01
9.999875720607942498e-01
8.955027552928777057e-01
9.365300002077062702e-01
9.999747895925445995e-01
9.969898029035174636e-01
9.999657061404200187e-01
9.960983210414687816e-01
9.998538754263990302e-01
3.439647249762897707e-01
9.999572383530385133e-01
9.999296119684700779e-01
9.999999717466744320e-01
9.999742915195993787e-01
9.999587055366206956e-01
3.621356608518597198e-02
8.938059589459538268e-01
9.999769699144491764e-01
9.999093659207629603e-01
9.999957915504895656e-01
9.999999995947599363e-01
9.999911344780919586e-01
9.999998706420915040e-01
9.999991598756515776e-01
9.999979093604957070e-01
9.999370214903403609e-01
9.996461797359992296e-01
9.978374746354964353e-01
9.999995669651376984e-01
9.999364416621252527e-01
9.997688134010863648e-01
9.999645142338163817e-01
1.381380388216416890e-03
9.998264824578783072e-01
9.999964217361851926e-01
9.999897025546968798e-01
9.999947911565000291e-01
9.999546858691420459e-01
9.999945284366306142e-01
9.961681624387196399e-01
9.321559385077961002e-01
9.999982886808856941e-01
9.999705145944053353e-01
9.999824973647997162e-01
9.999997053182114737e-01
9.999999922724064350e-01
9.999998659164877068e-01
9.999996697749089503e-01
9.999998952556766740e-01
9.999983222277356587e-01
9.999999692687367991e-01
9.999999853389296423e-01
9.998239910716952838e-01
9.999998504011435863e-01
9.999638342055511275e-01
9.999996373371001779e-01
9.999995128138046141e-01
9.999999932167771277e-01
9.996481850055206619e-01
9.999999615169828937e-01
9.999997066671754142e-01
9.999998765551479929e-01
9.999429886773415488e-01
9.974913321865310767e-01
9.992215730882896274e-01
9.403175231152643976e-01
9.929323730657256819e-01
9.999683282956285391e-01
9.999730214019801888e-01
9.999814544954396256e-01
9.999999987226062537e-01
9.999900636056217040e-01
9.999919453280902149e-01
9.999989618745969144e-01
9.999977224412618382e-01
9.999991088297731645e-01
9.999965989527233035e-01
9.999904652521268700e-01
9.999999393805302228e-01
3.887850697662642574e-01
9.999994905030320513e-01
9.998139933875457297e-01
9.999999708999085524e-01
9.999754381563221717e-01
9.911643483506038521e-01
9.941367917141630262e-01
9.999242220563943073e-01
9.999657770250497402e-01
9.999603799904432933e-01
9.999950883982265948e-01
9.999422785298477390e-01
9.999908332800712119e-01
9.999983848519365948e-01
9.999984139660202942e-01
9.999770560907602635e-01
9.999985628349166156e-01
9.999903421702228679e-01
9.999526906094137191e-01
9.999999657732486780e-01
9.999997361749480840e-01
9.999702570860560247e-01
8.983054530274624527e-01
9.999999237452250611e-01
9.999998256642466110e-01
9.999549545457522282e-01
9.998626027254363668e-01
9.999579814244886622e-01
9.999998883991263465e-01
9.999921578554731294e-01
9.999951700182100334e-01
9.999979966351804084e-01
9.967232483011231325e-01
9.999985655617008584e-01
9.999970490960531366e-01
5.337480014047069846e-04
9.999952890838911257e-01
9.999999990784240733e-01
9.999997663785367141e-01
9.999996200998200191e-01
9.879969076965964270e-01
9.997554213632490194e-01
9.999878454176825970e-01
9.999571104746665107e-01
9.995750998590258174e-01
9.999655428567614246e-01
9.999994524474402624e-01
9.999951094240827620e-01
9.092756798502455995e-01
9.999997220310881119e-01
9.999998690447282623e-01
9.999911980155180569e-01
9.999996455415722796e-01
9.999642323462805127e-01
9.195672784202785222e-01
9.297122326273937754e-01
9.999971744118377748e-01
9.999988357899742830e-01
9.999988188732824579e-01
9.999999897399084459e-01
9.999206589962044145e-01
9.999993320056009827e-01
9.999990646618723833e-01
9.999999118097622208e-01
9.996534309493397830e-01
9.998639991914509695e-01
9.999996224566067848e-01
9.988599723189564017e-01
4.281546344012062549e-02
9.938918361640747268e-01
9.999064272430440159e-01
9.999718509329341698e-01
9.999783291443240518e-01
9.999818527060714279e-01
9.941380616597879083e-01
6.190219786697277460e-01
9.999162956730108798e-01
7.309492530433342461e-01
8.672533263517980817e-01
9.998096377412054592e-01
9.638764615203263553e-01
9.999910934675828589e-01
2.148727335610021300e-02
9.967302788231680033e-01
9.649653077749540397e-01
9.998362296318489273e-01
8.460849980954973093e-01
5.067195888552123578e-02
9.999888180040348296e-01
9.999898609723405496e-01
3.585869645855976340e-01
9.998713279782016627e-01
9.991196832873021627e-01
9.999947273314037099e-01
9.993026157011419830e-01
9.999995269222270444e-01
9.999892609543946653e-01
9.999968476969333109e-01
9.999679070100967460e-01
9.999842145751540734e-01
9.999375728434966026e-01
9.998193010161877670e-01
9.999995469668715442e-01
9.999755631945119738e-01
9.569948722776682182e-01
9.997979430689881708e-01
4.465082859843452767e-01
9.999981573305906091e-01
9.998208569941255952e-01
9.999998614615145387e-01
9.999880828445323333e-01
9.999999981072686950e-01
9.999947911325289818e-01
9.999931863839212065e-01
9.992124120191375747e-01
2.402383061336037229e-04
9.999866369152153878e-01
9.998742896528610702e-01
9.999906560316529358e-01
9.998802740495821295e-01
9.999992737502695350e-01
6.861393206662077526e-01
9.999212392899979873e-01
9.999995685943836587e-01
5.749298275955099893e-06
9.999305489401981717e-01
9.999546216345701621e-01
9.999998819405526707e-01
8.569475067868005391e-01
9.999999231259458776e-01
9.999999180673664334e-01
9.999995551023060925e-01
5.641600390856329472e-01
9.956803893981066493e-05
9.877887424806734984e-01
9.992235316166917514e-01
7.652411634528606676e-02
9.995800693732749265e-01
9.943580651765452361e-01
9.999791922006570077e-01
9.999769947313025265e-01
9.999597257492404134e-01
5.185497519785551290e-01
9.998319397904233963e-01
9.999369006975941110e-01
9.999847591176359574e-01
9.999906046696710460e-01
9.999975194186581096e-01
9.995606527991693913e-01
9.957147263092805956e-01
9.999991651926513070e-01
9.999995373611205718e-01
9.999979706563739690e-01
9.979693989342642846e-01
9.999473869067728726e-01
4.742284221825617679e-02
9.999994779858933924e-01
9.998379225074871535e-01
9.998483138191905928e-01
9.999785325605046182e-01
9.792772416764885524e-01
9.370965249345323267e-01
9.999798581843056811e-01
9.921454273550291969e-01
9.985679121019499505e-01
9.999971170400067111e-01
9.999999550856224495e-01
9.999986666523540402e-01
9.993827529350335359e-01
9.999949095093598750e-01
9.999997430529591336e-01
9.999998376968123326e-01
9.999989463676784984e-01
9.999990195266271753e-01
9.999997619990923514e-01
9.999850023160956614e-01
9.999995312367863098e-01
9.999956935304857852e-01
9.933324863958844508e-01
9.995554559331771838e-01
9.999967857320055664e-01
9.999992175590945997e-01
7.805535358266490749e-06
9.995569850823255997e-01
9.969658693459191312e-01
9.997397615840323271e-01
2.023634615786000165e-03
1.303950818229026481e-04
2.072087869775736391e-01
8.305814625642922791e-03
9.937491764562638163e-01
9.999916934831241111e-01
9.979281103073692760e-01
9.960579105633227126e-01
5.655785426974794042e-03
9.997983814709946460e-01
9.995243883685388520e-01
9.999870331459836947e-01
9.999688753978426270e-01
4.875042057042066057e-01
9.999620482117852482e-01
9.986003454010502489e-01
8.339164318660116093e-01
9.999822429087942277e-01
9.995974549035281376e-01
9.992582189123730974e-01
9.999976950420161881e-01
9.999996378581316181e-01
2.602451701291437773e-04
3.784531589300819676e-01
9.995196049253530779e-01
9.999722932975030343e-01
9.995954161704925234e-01
9.998833750669973153e-01
9.999002451496292743e-01
9.999998871981433668e-01
9.999994112067510654e-01
5.747393260813389061e-03
9.999155785856685963e-01
9.999978474095525538e-01
9.999999545304137927e-01
9.999946250065752107e-01
9.898115991088370924e-01
9.999996619787144825e-01
9.988767109559262281e-01
9.999861032893975210e-01
9.816853448845548336e-01
9.929882069358704211e-01
4.681050610364496239e-02
9.991854831271085313e-01
9.759975872865545021e-01
9.951763596570671888e-01
7.230767493671570734e-02
9.997919962727869203e-01
9.999999258863395690e-01
9.934353854981757825e-01
9.992503696037345895e-01
9.999902473456248053e-01
9.999882143292547765e-01
9.999972775424392779e-01
9.998868510610804394e-01
9.999936660139980837e-01
8.934538936931734066e-01
9.999974975668571853e-01
9.999996758426283883e-01
9.999995609952456732e-01
9.999979068431669171e-01
9.994315454452530334e-01
9.999995422378490373e-01
9.999995790738660517e-01
9.999979100082636574e-01
9.999998481859748711e-01
9.999814898663615947e-01
7.248959765403091282e-01
9.999999155236345416e-01
9.999998721573090110e-01
9.993703438267441674e-01
9.990086040341992213e-01
9.997886900469975524e-01
9.999498737069755228e-01
9.998656440132244194e-01
9.850903986147638847e-01
9.999886964192529204e-01
9.999933377273978463e-01
9.999994048014863024e-01
9.998916617654466377e-01
9.999977005215329173e-01
9.999970178107059349e-01
9.993139361010663357e-01
9.999916839905768073e-01
2.004207160997075743e-01
9.999860396063889878e-01
9.999985491644395319e-01
9.999977076320500924e-01
9.999962960163987225e-01
9.999994212719319764e-01
9.999998255643667289e-01
9.999962969989536488e-01
9.999148956095909035e-01
9.999945423811511525e-01
9.999859420499687124e-01
9.999944400382608789e-01
9.999987500567137921e-01
9.999932769497424934e-01
9.999979309700123276e-01
9.999901394436438995e-01
9.999995959529515144e-01
9.997818418572973487e-01
9.998128949921050168e-01
9.940851356464264210e-01
9.999991821333914510e-01
2.129911582212396792e-01
9.992544387380075666e-01
9.999806674845373999e-01
9.999989777558611070e-01
9.998569203334418676e-01
9.999972780920026727e-01
9.999886190738406233e-01
9.999999980470961614e-01
9.988932098237819357e-01
9.999999795589042950e-01
9.999999995526056562e-01
9.999995455539496536e-01
9.999915982364009359e-01
9.999983822278919465e-01
9.999999997018180764e-01
9.999990665793414557e-01
9.569010611275516887e-01
9.930209926167675727e-01
9.681608836948849550e-01
9.999961524739935381e-01
9.144935465688032172e-01
9.547286058856626623e-01
9.999997941874123608e-01
9.999999999601181244e-01
9.999988352400965841e-01
7.849583415442530632e-02
9.999994855110607705e-01
9.999999772860540537e-01
9.999991299137190870e-01
9.999894067151777755e-01
9.999841014266348527e-01
9.999994697479107630e-01
9.999979283822645337e-01
9.999999994646624479e-01
9.999970526742029131e-01
9.999969318234974702e-01
9.999999741907383832e-01
9.999994936114040556e-01
9.999999758088481405e-01
9.999999999219237878e-01
9.999983571133134186e-01
9.999991417329537891e-01
9.999980372736674283e-01
9.999961326411455076e-01
9.999962752068570770e-01
9.999983217219841070e-01
9.995182606876218401e-01
9.999999173841881417e-01
9.998810576610137613e-01
9.999985030648491646e-01
9.997902403515078751e-01
5.340938511657079488e-03
9.999996348604701657e-01
4.744474597235078250e-01
9.999935966346286120e-01
9.999985258359291862e-01
9.999997511891847157e-01
9.999798933786849808e-01
9.999616402735506115e-01
9.999994405988436030e-01
9.967097934728611497e-01
9.999741798387781211e-01
9.999633882392738871e-01
9.994945116563319631e-01
9.999999806661489243e-01
9.999994652802922657e-01
9.999841876292491216e-01
9.999983319700088691e-01
9.999997884502497270e-01
9.999977284146324141e-01
9.997098591319415473e-01
9.977831661602493130e-01
9.999999701996138413e-01
9.999998836120376211e-01
9.999999317403536203e-01
9.999996436120495158e-01
9.999951771430326541e-01
9.999999369152619000e-01
9.999984387820850529e-01
9.999999329281697991e-01
9.999986338334200253e-01
9.999998783360292132e-01
9.999999709121747404e-01
9.999999532564494142e-01
9.999308139499520909e-01
9.999999779878496753e-01
9.999999177504029779e-01
9.999985473176065121e-01
9.999985025884872147e-01
9.999962696560966702e-01
9.999999880263504837e-01
9.999994489383300378e-01
9.999967617451015478e-01
9.999985675680553854e-01
9.999990161649996434e-01
9.999966863202573997e-01
9.999999774062809932e-01
9.999998520554637116e-01
9.999998977979593917e-01
9.999999855204371180e-01
9.999949896487481116e-01
9.999980194895345953e-01
9.999998556353351109e-01
9.999961347724544147e-01
9.999927199261728905e-01
9.999999586688145259e-01
8.924967137986372645e-01
9.999998520348879483e-01
9.999999874356259033e-01
9.999993971009155658e-01
9.999995525721784295e-01
9.999999927395937238e-01
2.983937111917229212e-01
9.999093065983786222e-01
9.999959515919921715e-01
9.999809577063382138e-01
9.996140014621489600e-01
9.999999886390852355e-01
9.976733017562365857e-01
9.999996966601126802e-01
9.999652203046496268e-01
9.999550325563771880e-01
9.997370672377953182e-01
9.999980136680854947e-01
9.999845724803455571e-01
9.999485210825576065e-01
9.999712040155649406e-01
1.415162523334305119e-03
9.999999565137457358e-01
9.999993570455921743e-01
9.999982542599779034e-01
9.999993608575176163e-01
9.999927208228048814e-01
9.999667685876660883e-01
9.999904469826814690e-01
9.868614992743488523e-01
3.414060269244152401e-01
9.768707770232875065e-01
9.898799614771200961e-01
5.417126816108130960e-01
8.895398703471482094e-01
2.095671343484643845e-02
9.999805197837756676e-01
9.998928050100681642e-01
9.999997304470513715e-01
9.995153434818617733e-01
9.999994547168151726e-01
9.791366607950158230e-01
9.999651247407026489e-01
9.999998763532980117e-01
9.999997661883122113e-01
6.466370923157877329e-03
9.999981456178100858e-01
9.999993838590962580e-01
9.999887908247531154e-01
9.959941491454189499e-01
9.999980189554832366e-01
9.999922193154680006e-01
9.999914376391969562e-01
9.999964708310024042e-01
9.999989726459633799e-01
9.994619835574032329e-01
1.566803784856151682e-01
9.967775726919950730e-01
9.984398180725880811e-01
9.920178481514400071e-01
9.999997200165986477e-01
9.999999952840767925e-01
9.975993444632599294e-01
9.994926590567619895e-01
9.998320375917209013e-01
9.999747969793962854e-01
4.657761796982982094e-01
9.300747781964047167e-01
4.299459637100418452e-01
9.591812959225509694e-01
9.237795206847362328e-01
9.999996283493655103e-01
9.999971807464497209e-01
9.999997354075073064e-01
9.998809998380711050e-01
9.999998749155524225e-01
9.998935774662904841e-01
9.999999108406070203e-01
9.999980314607856968e-01
9.999999413112666824e-01
9.999957292672101428e-01
9.999947392824372061e-01
9.832835396013075435e-01
9.999961352648136792e-01
9.999990696852063543e-01
9.999994847792516017e-01
9.999962940924903565e-01
9.999997831252416258e-01
9.999999687485773281e-01
9.542710262725108139e-01
9.999895621026417825e-01
9.999994212642276947e-01
9.759219367848406268e-01
9.999993751120609398e-01
9.996145874133525178e-01
9.939593932297383638e-01
9.999998125455257236e-01
9.999871255779980705e-01
9.999996590846126354e-01
9.999973445665945038e-01
9.999994835845529284e-01
9.999968427223648870e-01
9.998456623818013922e-01
8.780795669487709842e-01
9.999918516785210043e-01
9.999998078467556839e-01
9.999666177121897537e-01
9.999955182934668896e-01
9.999934805974566299e-01
9.999988024505702677e-01
9.999883244247170788e-01
9.999955204051189650e-01
9.999998871244756282e-01
9.999972564828849553e-01
9.999860198966460390e-01
9.999943212587888430e-01
9.999863023344794932e-01
9.999988248249987999e-01
9.995348675768024327e-01
9.999499808261144151e-01
9.999983583588412106e-01
9.999993459583030875e-01
9.999489739280950085e-01
9.999998372491026855e-01
9.999944270704713700e-01
9.999869138581846117e-01
9.999917009294347903e-01
9.951069384172923638e-01
9.999993254285622912e-01
9.999942208519173592e-01
9.999997543683375456e-01
9.999998973290690207e-01
9.999987346298875313e-01
9.999999171705900025e-01
9.999998659660078726e-01
9.998637797008057548e-01
9.999994758539866302e-01
9.999997937702943540e-01
9.999999346636976316e-01
9.999999290473154945e-01
9.999987613350371785e-01
9.999134316338273987e-01
9.999949847901935529e-01
9.999908170793172513e-01
9.999999413897829870e-01
9.999980313713238145e-01
9.999999125878947792e-01
9.999999272624733315e-01
9.999224007339170273e-01
9.999109856196342072e-01
9.999936899179208138e-01
9.999875609631601048e-01
9.999979465557500280e-01
9.999938497739044863e-01
9.999900041341505119e-01
9.999993802394004927e-01
9.999997262818255406e-01
9.999993019794973792e-01
9.999992077736014062e-01
9.999986082694938272e-01
9.999999554734508855e-01
9.999999292482665281e-01
9.999615136904814738e-01
9.999994279104502670e-01
9.999998414882407261e-01
9.999999358695316198e-01
9.999978918465058930e-01
9.999927963257934094e-01
9.999991409244163298e-01
9.999993842330611171e-01
3.404425283868114244e-02
8.690989856280606843e-03
7.544865941476700533e-01
6.455088264400712372e-01
1.126967379767000385e-02
9.999965424073741227e-01
9.999998149141960946e-01
9.999940813531315031e-01
9.998627275554355931e-01
9.956075153556886992e-01
9.999944671765214066e-01
9.999999507877233018e-01
9.999873095498976738e-01
9.999909701804954310e-01
9.809944948988527091e-01
9.999991497428646348e-01
9.999890173374961222e-01
9.999225320636823122e-01
9.994056602225614983e-01
9.999504049526458660e-01
9.998788567203974464e-01
9.999495465650712900e-01
9.999995905711704935e-01
9.999989636878209298e-01
9.999986212950841002e-01
9.999908949981569650e-01
9.997072803147820652e-01
9.999785588130493119e-01
9.999997918733221081e-01
9.947836941580202597e-01
9.999983701487394905e-01
9.999956297731356081e-01
9.999988572433147205e-01
9.999355915421670460e-01
9.986591068886984113e-01
9.999974112285709982e-01
9.999947414802380363e-01
9.999976383236066635e-01
9.993932268052171386e-01
9.999981154686564677e-01
9.999965946502258340e-01
9.941218043859076925e-01
9.992814476063718310e-01
9.999994479965260696e-01
9.999963623061466356e-01
9.999928888419251649e-01
9.999931166753782685e-01
9.999291874703761795e-01
9.999993674578455671e-01
9.997596803604766880e-01
9.999687803824708343e-01
9.949938583632206290e-01
9.999334412931653038e-01
9.999798185426304054e-01
9.999985538004315666e-01
9.917635510238651531e-01
9.999978452243240001e-01
9.999243327850274587e-01
5.652819935871480350e-01
9.999999425893677518e-01
2.757437036841780311e-05
9.974335608466011749e-01
3.275737167159693450e-04
9.860606739671497724e-07
8.963179697313354063e-08
3.699903890275169095e-06
3.479201235547323525e-04
6.597761966938519018e-01
1.784019072878115806e-06
3.787064203893944405e-05
2.173648284326835399e-08
1.004311510410276985e-05
1.768811019665958439e-02
1.422048957607784819e-04
6.299497340854765174e-09
4.536949088883822367e-04
9.950546814217674507e-01
3.261791903757864115e-03
3.946477290062518268e-04
1.069373383723440374e-02
9.912055327928676052e-01
9.408219781520161806e-01
3.712578243406838347e-05
3.127147254282818992e-05
2.349676108750468462e-07
1.899697318681023181e-06
8.170941917033755330e-09
1.454339524454808163e-04
1.231739732265144452e-02
9.999944604971796602e-01
4.097910249184988173e-05
2.038594986100610365e-03
3.911012483265104776e-07
4.089740175609124261e-09
9.667816941811783193e-01
1.562879782243413796e-06
9.972815622425690307e-01
1.157101681126297445e-06
6.669486989167761199e-07
7.735913549710607214e-08
2.497477816516662560e-03
7.796763575965772212e-05
2.392575527395896027e-05
1.641157775057233899e-06
1.704937367372750398e-08
1.137036841382551428e-03
4.027378904574615268e-04
8.930690195506912898e-01
4.062526210061270684e-04
1.138031111093408369e-02
1.242596601225664216e-07
2.173313211341422468e-02
2.032564888145952124e-04
4.769962565894450393e-06
1.830654841416920475e-02
1.822231545655020450e-07
4.370226244195793372e-06
9.019477898975143404e-01
1.041069003321318416e-03
7.728721105161351322e-06
1.336009400072626430e-05
2.574503328556872472e-01
1.677305026244033751e-08
3.389745501973885463e-07
4.829095745618271775e-07
1.959911573604302971e-06
9.999830096691879611e-01
3.806990680314659321e-03
4.569336782338199337e-05
9.999555507433796064e-01
4.115673109415559760e-04
4.989277381355871060e-05
8.636884502186706336e-03
9.825716330812206502e-08
3.796038667018576066e-03
9.730319959257568430e-01
8.290088079055555337e-01
9.999781911149520086e-01
9.773491486940233397e-03
8.299589317742545047e-01
4.267633469367663190e-01
9.217803939600849878e-07
3.246367158727636069e-07
7.508289287215230701e-02
9.996104761883475298e-01
3.245117225580133053e-06
1.232527193248985145e-03
9.930298601192109054e-01
4.370272445761342223e-05
3.082823621592736536e-04
1.880414174064887244e-05
3.838476036068405595e-02
1.015370794656631321e-05
1.227308004209212975e-05
5.869512197987789004e-02
2.890474471598997706e-07
9.835001994412311266e-01
1.853120575580427185e-02
5.857048973132374277e-04
5.282750433402072506e-09
2.206610744292143722e-05
2.655394723349327696e-05
2.807169392505517655e-06
3.143737678387575202e-02
1.273321013961587633e-06
8.216740362096023320e-01
1.342198654869867364e-02
6.997209324076469168e-05
1.858279142425903094e-07
2.650823501223496586e-04
2.536019752596897256e-07
2.346230468466409190e-05
9.999594613079908489e-01
7.722022398902224083e-01
1.136325780330787712e-03
1.926225839662672884e-02
9.947820392802825262e-01
7.946091169132649254e-06
2.983146263750230881e-05
7.613821522365663266e-07
3.480054216325991619e-07
4.910034692172886295e-02
1.589612610300280561e-08
2.340766957763359057e-04
4.041401201256196625e-03
9.076544071929431023e-01
9.176646881390513851e-05
3.205048067392962359e-04
7.383075969614877578e-07
9.516315041174696621e-01
2.198856936792689329e-02
4.587354325638481334e-01
8.625111692027483956e-01
3.843347927459545032e-04
2.309806331730581341e-05
1.942080407498372014e-05
7.045731371826948752e-01
2.056639777251253326e-02
2.033992051621418684e-05
6.320499640577385003e-01
9.073677225454017392e-02
4.712716170105381991e-02
6.597828750111398450e-06
5.470845215363931309e-07
5.544364973732540214e-05
4.783493981316382787e-02
8.217495318505499760e-03
1.139532523471764239e-04
9.320000013494341362e-08
1.685477591294773619e-04
5.885613802635683311e-07
3.015076153710198863e-04
1.154510446419594708e-04
4.878851945851273886e-07
1.677357334390367889e-07
9.983797941354840555e-01
3.897380940035831900e-08
9.943075504795261255e-01
2.996902695740449266e-03
9.235972044868547091e-04
4.356538937684192903e-07
1.473968144298079324e-04
2.161108128611101441e-06
6.131051448890731947e-01
1.214781208803213716e-03
1.511520896309847874e-06
9.507325474684894528e-01
9.611002463186700364e-08
2.515241847395385940e-04
9.521783304279319432e-03
9.338939732818887723e-07
9.991037697666317330e-01
1.749168429168194026e-08
8.134696608013886200e-08
4.119008931226999929e-06
3.712696540689458405e-04
1.479136862191255852e-06
9.888549290309637391e-03
1.136734885447385095e-06
1.661057270222036633e-06
2.956510976815079783e-07
9.935495245346774862e-01
4.427315543304130807e-08
2.176654914316828240e-02
1.192562190555322936e-06
7.118327750684400740e-03
9.151456442043217032e-06
8.873823069162788124e-02
2.268678601286075390e-06
1.342024771594624577e-01
5.282989220058744969e-04
8.646594079847480978e-07
3.979165214023469739e-03
8.443351616410523998e-07
9.557193249695233525e-03
9.992639896394176491e-01
2.828300865135180436e-05
9.968577964779018474e-01
9.992237285614269382e-01
9.999681880679568424e-01
9.928381662005998365e-01
2.750706290876828858e-02
9.988131238319012395e-01
1.088579915380503263e-05
1.970507480962205966e-04
1.716160601961446775e-04
1.605540081495206952e-06
3.311228581949697337e-07
9.719602612757820559e-01
1.067852085459853051e-01
9.998245685792458426e-01
3.311560739069528969e-01
5.563977677701379857e-05
4.147574174967783551e-07
1.834040743482082348e-05
1.090322187832014984e-04
4.289630529066046360e-02
7.821043078973770324e-02
2.022342203358499201e-03
9.067320422341416108e-01
2.817613753665577708e-04
3.033300501872118402e-02
2.437238253828269891e-07
1.940389393899851905e-07
4.791578505110148265e-05
9.999367879424152505e-01
3.854191868128161672e-03
3.119536427892549589e-06
6.800363294211973574e-06
1.519768316072672438e-04
4.903056268279089438e-05
9.994454863572714842e-01
2.101292399706599205e-05
6.562246226159466032e-07
1.325469919102169426e-06
2.618680768089026578e-07
1.802416327642627095e-07
2.671375488063206793e-01
3.842573288757077988e-04
9.573915366120959725e-01
5.198332274001024080e-03
9.023586191268265710e-05
2.208415021955768831e-02
2.905275651572711716e-03
1.102036604073096046e-03
9.985637968385519838e-05
1.351969937818289225e-01
2.751906155025992323e-06
1.935359228080032853e-07
3.092453555871059190e-01
7.488956074438012072e-06
8.056958151316121475e-01
4.996066052870979841e-07
5.670255007052834633e-07
1.999024053719531714e-03
2.050401624814925501e-05
2.565450089065082139e-07
7.628505034067633098e-03
5.248782161283545574e-06
4.253762539651627437e-04
4.912294307247290590e-05
2.533322307567347582e-05
3.863581124746795026e-05
8.314576004705051190e-03
1.215523437680595146e-04
2.721254995286599330e-04
1.125466102318379574e-05
4.181930269103354770e-04
7.710156033509027373e-06
6.668836808478645556e-05
4.747018582449070078e-05
1.311680438568295214e-06
1.189937779254771728e-04
4.814756965623743738e-06
4.603359906906011327e-08
2.146466126633084977e-06
9.603074294417356574e-06
2.805686733770516297e-04
5.064705712343545919e-06
4.250342719725396790e-01
9.555086688789062423e-04
2.214211097464010875e-04
8.748286783517868927e-07
1.374479287493455409e-02
3.112877089476480690e-06
1.074339472570593444e-02
4.412110487056692868e-06
1.878332854055471391e-04
8.880120623041897832e-04
1.112263804204749982e-08
7.936997030503673332e-07
3.993857124447207879e-06
2.587421548918632350e-04
1.541696302499140258e-05
5.408669499817725086e-05
3.185144741209101298e-06
4.958769048495023227e-08
3.639388521249560570e-05
4.081508430627200892e-06
3.877660552025429834e-06
7.823015903882402252e-05
1.188232730624251473e-06
5.671429206003043060e-07
2.756604584368876378e-03
5.997768309301465762e-08
2.632413778529992954e-06
8.758698259306629819e-02
1.352900238097685948e-02
2.687479546532477840e-05
1.707929814199199013e-04
3.502799610672414790e-06
1.998877452875833308e-02
1.614494087606799794e-05
9.988946609014476990e-05
4.181799980995817525e-05
6.012520311442453025e-01
8.488377724388751695e-06
3.620539358587553027e-05
5.782282308888660680e-06
1.369433874796485434e-06
1.669988961263541277e-05
2.976368144839717776e-05
1.447667895401974708e-03
3.078160839459032159e-04
3.257719392600851027e-02
7.827967093075364981e-06
2.056833910284029514e-04
2.842260958693749716e-05
3.316166039315124056e-06
3.436991796447877324e-06
6.075477785580911672e-01
1.342474417281004856e-03
8.397303930783775038e-05
2.269570013396317194e-06
4.504536101979505353e-02
2.289547576072976877e-04
2.020642181360860629e-02
4.813472476545561484e-05
1.012671759427293710e-04
1.808932312185908547e-06
1.691146163898347700e-05
4.313760227068924352e-05
1.628661740516355823e-06
9.702152881513437244e-01
9.752037761249399139e-01
9.999417023764485268e-01
2.588238759906978247e-04
2.460534038622093615e-06
1.061889810067492357e-03
3.514628725787999905e-04
1.575391690688427579e-07
2.837182253272244335e-08
5.100192900082872826e-06
7.063001782212141706e-08
9.358249347362938009e-01
1.124220794123258031e-03
8.165109088050054309e-01
7.231891457693513658e-02
7.179081185702567336e-05
5.864172641328265791e-07
7.173059718855496905e-04
1.449945275005241754e-05
2.376561440373368701e-04
6.255695833311795571e-05
7.140613990742069412e-04
1.690433194720976917e-01
1.215022513570343541e-06
3.970018893546974839e-06
1.031151081252116425e-04
5.988006292731848292e-05
9.159162415782689829e-06
8.182587219057575420e-05
1.119929976849700455e-07
9.511643673402660028e-06
1.627442802383045418e-07
1.454738438884727134e-05
5.556693611615577276e-05
5.171574723633762425e-08
4.406801786675606071e-04
4.256515777866281488e-08
1.046186855954098864e-06
6.183655349698510274e-06
2.408021990774412424e-01
6.266809384709998290e-07
1.458390221041976076e-02
3.601133139593417731e-04
1.860470285748749587e-05
7.061138749420923169e-07
9.059856723498267428e-01
3.369351348344965624e-09
6.671797332613474700e-07
2.463511567694617703e-03
4.602458566301624436e-06
1.008453494794237413e-07
3.178471370009475069e-07
1.134820875419385644e-06
1.538860146938769019e-02
4.096206966594735698e-04
4.219349659063993544e-04
2.223682612599091319e-08
1.717115240880983144e-04
3.143482983223874565e-04
2.754269859357004880e-04
1.206187042624189033e-05
6.360031613909905806e-05
2.375317057665857169e-04
3.381753838545092393e-07
2.402506229424085631e-03
6.778054318638204138e-05
3.041069615123553091e-04
5.788949930909603380e-08
5.264163374276285834e-02
4.076574586042813274e-06
3.427841993469313129e-05
6.672743060831986173e-05
1.189552085953452903e-04
3.074714360430576970e-02
9.367943745131219746e-01
9.849811436764522865e-01
1.162806173207097563e-05
1.030551934289713486e-06
2.792857234214850357e-04
5.303157613368315209e-08
2.185426137610131085e-06
6.018447333523356920e-05
1.218605846482597421e-05
4.378042657369555775e-04
4.922152031098019293e-04
3.111489028987736335e-05
2.833495086059589080e-02
6.456237414993623025e-01
7.896417143863585517e-05
2.930174330460213003e-05
5.565394895244734491e-02
4.225702069002140173e-04
7.212796208457081942e-05
1.012405136129715111e-01
3.224135465821932611e-04
1.101681065186315274e-05
7.691383212167308449e-03
4.348584786416013605e-07
3.272190637090700508e-07
4.435820271404482633e-09
1.318543106210713974e-05
3.375580235253609613e-06
5.116280978254158195e-05
1.040436010337210377e-06
2.395314649266518930e-05
9.982103099159143553e-03
1.387008736152821206e-07
8.307845973456865797e-05
2.747169464108330766e-06
1.752057836369799726e-02
3.029289234123243109e-05
1.392011802503382371e-06
9.970874609200067740e-01
5.450203357766482626e-05
8.917800098375533284e-05
2.740916804748569413e-08
2.126848387041437687e-06
1.427596124887906860e-02
1.884049440423820419e-05
2.182542252180305273e-03
4.349315398223191614e-08
1.894004517210232208e-09
6.711106329550120693e-05
1.665571274009081008e-06
1.954821771030829242e-06
5.932635357813472550e-04
9.365755452163355499e-05
5.810217205701010567e-05
1.324007039221159095e-02
1.303907959559077627e-06
5.253450214143940151e-08
5.016409050729544095e-05
3.341791519918741078e-03
1.080760067456967983e-05
2.668848466502297334e-08
1.139893947736957253e-06
3.760339059662221094e-05
5.718507573200397635e-05
2.928465743864602561e-07
1.705969879282382781e-05
3.256105779535265788e-07
1.409588483007694071e-01
3.950557897851925452e-04
1.642232233699452206e-09
6.117854260753889661e-03
1.942227709304188427e-06
6.337570640418040482e-03
1.316076232011323471e-05
3.157160875769776361e-04
5.118340603254716882e-04
1.422974091553730114e-06
1.884355835370638906e-07
4.358305984336506581e-08
2.134171694424309655e-05
8.344873595315041269e-08
2.350947828196553398e-05
1.929740366841745450e-02
3.268394143003468971e-05
1.460531416557436318e-07
9.851034163479381878e-01
5.663170945587023082e-08
6.144320514454084357e-03
8.956459695066199586e-05
2.609697559644988923e-07
6.395192373018511976e-04
4.830161098211982083e-04
1.623624367510619808e-04
1.363094992978244115e-05
2.730059230774506776e-04
1.528261399452012826e-07
3.584695502447228944e-03
3.125312826111233122e-04
1.956963766524643021e-06
6.853147352874044138e-05
3.252044974265050413e-05
3.805933727908776045e-06
9.534842497694574976e-04
1.255830606454620864e-02
8.380965586512408334e-07
8.688228916914526173e-03
1.271291291615916694e-06
1.148680629846220852e-02
1.106183038160500533e-03
5.744757783214339460e-07
3.523104036294586801e-08
5.653999099014023373e-04
6.201673580294023388e-08
4.054180303075790382e-07
1.454133036814732312e-07
6.364253995308623100e-07
1.354779151701106368e-05
2.328396467260983993e-06
9.627805395926517518e-01
5.048707797859003699e-08
1.641310245961210158e-04
4.163695760115450928e-06
1.649961123567899321e-05
8.960231721863855413e-06
2.204178999230711608e-07
4.876235716219802951e-08
1.599033252480551448e-02
1.698655758502481924e-07
3.908448518665931623e-05
7.116404395443829973e-05
1.667393780258696995e-07
1.532823372934528526e-03
1.860345903401013634e-07
1.790132427803889648e-01
1.270810088684602876e-07
1.038010363539608923e-05
9.603983053985887990e-04
3.389715925247397131e-06
3.706684431755407675e-06
3.364858227666798341e-05
8.211337106273550645e-08
1.350912553290774937e-06
1.069624144301336149e-01
7.052458767225876224e-02
5.603581903873459252e-02
1.650067350524689843e-05
4.408425602722081766e-04
1.170760579878087629e-06
1.785736972348791457e-05
8.469423636567745576e-04
3.918925263596691536e-03
2.822394970249566412e-08
8.041960078734128011e-05
1.580202468595828596e-04
8.418111038190065408e-05
7.410924042260494948e-01
2.239419136777386153e-06
2.247253787438798042e-06
7.172217738764623540e-01
6.088215548382486272e-07
1.660897029426703037e-07
1.198067697094649974e-09
7.401294820025394290e-07
3.297689563956393110e-04
1.027266754690259708e-03
1.848620832925655460e-04
1.576124537929856143e-02
1.178695417335399674e-05
3.260644939010398417e-06
3.058377382443575193e-06
5.306593147780554035e-05
4.406742093102255221e-08
1.000658757980709999e-06
1.305757156233504478e-08
1.060027339209634835e-03
3.634666714154560080e-05
9.190131745245647459e-08
6.081688205594222444e-05
9.864970950697599106e-02
9.779983773622694457e-03
4.107798441372091131e-07
2.368781227462943344e-05
2.951171006584420988e-04
2.594754675565911772e-01
7.288925887098042942e-08
2.630520849991836303e-05
1.595219001099500897e-07
3.623440772503642667e-04
1.644946229695982919e-05
6.810943148864172353e-06
5.672011568620622182e-04
8.135941393375161921e-06
3.672760169414885072e-04
3.244529569203162913e-05
1.132686731361490185e-03
1.471591518493869655e-01
7.692044292982154238e-08
3.883652839343894847e-06
5.533584199177930462e-09
1.721475513178841646e-05
3.964307188972676035e-09
1.503710003964600032e-03
1.607463698515408209e-05
1.321820660552173315e-03
1.718788491309750664e-06
1.172898447240434357e-07
1.684428880419312210e-05
2.132980608186311404e-04
8.953936473794664105e-03
4.802201903883143719e-02
4.887630086935338977e-07
1.090477436744365948e-04
6.414770028536612070e-05
4.351015151468564167e-06
8.492923587822156377e-07
2.826497016973419302e-06
3.443279180998233830e-06
3.472814838974151502e-04
1.883192584919613508e-03
3.639002322532937681e-05
8.456923052041738190e-08
1.534452036623315976e-09
6.086934430832144680e-05
3.534705918478799336e-01
1.428332910272552252e-04
4.008919205777709549e-01
5.780988610118481703e-04
1.791281569325692269e-02
1.462375460933778475e-03
3.255481799288156234e-03
1.530758477995569853e-05
5.186114223444831868e-06
2.713097248710839501e-03
9.364918589060939674e-07
2.151702886741957019e-09
1.293003473267579566e-04
5.085852872070767416e-01
8.689589263855074242e-01
5.753611040909323076e-04
1.230077012050892202e-06
5.127039849213400023e-07
2.150253101167595021e-02
9.032086048690312892e-06
4.512082642288794503e-07
4.647501488460605039e-09
1.346315069878639407e-06
3.156979066539443278e-05
7.301934817288148992e-05
4.038730066171559012e-10
1.073318267003533804e-09
3.687495473607393156e-03
2.269491725680077234e-06
2.158773811497424586e-09
1.287959838937508978e-06
2.104335692589417722e-07
9.449897233120177627e-08
5.957148119959232001e-04
6.522622345938573578e-05
2.990272258088245944e-06
3.752524592526089433e-07
2.245238001720738013e-06
3.810054142330356785e-05
2.292666721926407947e-06
3.478188698754716094e-03
2.007442195609331259e-06
7.496056685263394062e-04
1.253306877328565723e-05
1.625375644738292539e-07
1.550547725944942786e-06
5.443602537575847276e-05
2.378964264208375582e-05
3.329319852069858462e-07
1.149344999953365674e-05
3.357276191077483031e-07
6.094149640913192458e-06
1.834864899442520912e-04
5.980061077588066931e-01
8.872602378478433582e-01
2.444795210426072398e-10
4.973852475812483543e-07
2.193330514765332145e-07
1.149484417001055120e-04
1.663145729634833173e-06
7.211469439980269646e-06
2.153800860228647496e-05
1.761029568074349945e-05
8.914837171387516695e-08
9.818381784313632288e-01
6.522148035350558627e-06
1.729687754043726021e-05
4.123479955586729635e-04
4.932724873933529334e-07
2.995313483983923882e-06
1.668032393468116227e-03
2.450152248919486216e-05
1.127044226707901720e-02
7.993014112676020966e-05
6.087161421891844862e-06
8.829139199296013332e-07
1.334453366322911876e-03
1.301560294825640836e-07
3.649566374210579443e-08
5.409174784618045033e-06
1.608782055049434722e-06
6.891923161382591528e-07
1.522346564692775718e-04
1.563936948381763302e-08
1.467565147405167229e-06
7.268473040139179304e-08
4.796904025247914966e-07
1.599370424508475205e-02
6.951253674736802598e-09
1.351504716492801075e-06
5.314692744164085377e-07
7.195383559910614041e-03
5.638550979261634766e-05
5.268917549783579264e-07
4.149083728432993036e-08
1.228287555547273764e-02
1.154097205850369342e-05
2.369941909557238502e-05
1.413399193035275994e-04
2.969596480761048362e-06
2.684309249832490807e-02
1.850328730664897701e-05
8.399145557635083396e-08
2.476393804630004358e-01
2.029956692087593747e-04
2.180092689992898952e-06
2.831313992591641925e-05
1.021807323785640860e-04
3.552169315913716614e-03
6.784296108990451419e-04
8.833294237386542154e-07
2.728586936924931247e-02
3.373495656120910027e-06
4.055736965942294112e-07
5.903630553676426224e-02
3.500524501492238404e-06
5.156009428958959877e-05
9.991955231683332661e-01
4.146773048977935331e-07
9.938842433448352720e-01
6.324782200222189031e-07
3.131089112957114676e-03
1.011520576500542757e-05
3.336571750954031599e-06
1.876291890307071796e-05
2.683042457478511400e-07
8.595553504306170670e-07
9.220614217769020527e-09
3.490232623446995214e-04
6.275316260427521231e-06
1.956508484371975381e-05
2.157823645798560890e-09
1.319178487479556175e-06
3.207015126323075119e-05
5.771755354369068339e-07
3.897923098002240529e-06
1.258452257001172748e-06
1.372350126675606465e-03
1.045905003205057424e-08
1.144939675663681224e-07
6.659549507534526552e-06
7.981387588901595401e-03
2.374379641694116321e-07
1.382601905542051463e-06
9.993262095520563104e-01
2.101684449001047102e-04
8.241529586684228300e-06
8.495370201699167906e-06
3.051163218372036063e-05
4.172626762667858337e-06
1.586550188330474649e-05
3.841819421022904806e-04
2.336134947254468893e-04
2.721857261650173151e-04
7.882396283679559135e-01
1.100927753634982167e-06
9.249409821075784101e-07
7.102864418947726953e-04
2.769027142556459986e-03
1.600511861177515303e-05
3.294824159350580860e-06
9.764376569747316924e-06
1.020431683353176889e-04
1.570827294570400797e-07
4.990943544103631607e-05
5.721004505703274008e-05
5.222733555983594469e-03
1.201085654059450220e-03
4.161158654422469766e-06
2.677594507820584835e-01
2.789321921126397988e-06
3.402514482117304450e-04
2.980465652829714522e-07
1.134990278128328728e-01
5.945589370282718490e-07
1.834962770543746505e-06
2.251234593601866840e-03
2.236581917528033404e-06
2.241499275029584136e-05
7.869119980105900242e-04
1.810353601167610451e-07
5.845403405905414205e-06
4.472199184862014312e-05
1.174899802150416099e-07
1.570387124908556145e-07
1.704294237546861955e-08
3.347831914551774192e-08
1.293045220660101130e-04
2.076746647478137852e-05
1.644559854247926137e-08
8.948759386700336281e-05
3.545839917784612918e-10
1.423965967165957691e-04
1.035016454630447696e-06
4.906338320124995302e-08
4.845646858712437897e-07
2.198803712595039786e-08
6.193750368869143383e-04
8.174044066015452187e-07
7.586378318706567172e-06
4.828350250724870767e-05
1.344124369512898528e-06
1.139923134253729506e-06
3.256047522936714308e-05
1.144963818734338433e-08
3.644168876782463996e-07
1.925890444127389644e-05
1.071156625227158845e-05
4.596251356358605012e-08
1.899768734455375887e-05
1.824582402263408938e-03
2.407771709565337872e-07
1.809114895421650481e-05
5.049953207989722548e-06
2.477158936630137844e-04
2.352676616070350561e-07
1.475284398263870496e-04
3.241717848721709945e-06
2.862388007578972239e-07
1.467617315773222199e-05
5.501318518778588714e-04
3.265407453703658580e-06
6.736991437812033488e-04
6.688890124157082250e-07
3.202716468830154837e-06
2.546016026799278589e-05
8.437912648611126080e-06
7.069649735316075993e-05
8.961289354998061034e-07
1.066087372282354736e-07
1.580898863538121917e-07
2.779327467472160322e-06
1.994765852379862183e-04
6.823362976404448886e-09
1.673336722489509864e-07
1.889172749233111872e-07
9.047447502514832598e-10
4.749719899229780113e-05
1.433599422853361601e-07
2.977990863695345638e-05
6.396128475255639587e-04
9.819861183134799791e-08
5.226361253174833795e-08
9.559792509742491999e-10
8.492219400593244844e-04
3.723677463853264791e-07
1.041717839883967855e-07
2.005925855973249988e-02
9.872603320745795048e-07
1.186657745483448858e-06
5.953082133016633043e-09
3.325209593792848899e-09
1.857282322576730904e-09
5.317690998119967699e-07
1.298528772534981894e-05
3.049364153108433638e-03
1.155098040937331792e-06
3.265595301544392489e-08
1.180242857343141868e-04
1.051424808386726070e-04
3.094070974219426959e-06
6.750349659249430258e-06
7.948101277119768395e-06
1.013489847434489950e-07
7.977642317901770946e-03
1.149740955781355828e-05
3.163295213383220743e-06
6.886210423977792611e-09
6.867965135209258838e-07
8.423036985906203963e-03
1.261923878034591342e-07
1.102653000093285109e-07
1.656497316378970318e-06
3.167755803061942944e-06
2.353388958710728376e-09
2.396651203379448464e-05
1.331864211496605541e-05
4.296331312242738817e-07
1.665507356299471105e-05
8.866637952102171376e-05
4.193025687157131948e-07
2.728094500840097161e-07
3.664004538206005967e-07
7.179442487423720496e-06
1.834640050888515021e-09
5.008311013168660149e-07
8.390426769981184196e-08
4.171255117277967532e-07
1.138347014439368594e-03
1.025369069630420669e-06
9.577827962124590684e-05
6.621703663329968257e-08
2.296540451582220726e-08
1.124405455958398455e-07
1.291651737183958365e-05
7.145157926388696543e-08
1.024406265144713534e-03
1.368762222350258866e-07
2.016044955983206801e-07
7.425687879729271947e-07
1.046342084004857562e-08
4.051304127033656552e-09
1.089162653759008630e-07
1.933416484364881838e-04
3.673473075003118261e-05
1.278831647338708131e-05
3.130925033578724594e-09
5.957680696402889702e-04
6.331983471927232803e-08
2.005986240528070830e-05
3.464568196807057943e-08
2.414777534963267152e-08
1.145895475266224304e-09
1.130107787401881693e-04
2.218855261410008445e-05
6.608855038157390693e-06
5.434848662046247531e-07
1.738688924177492182e-06
1.441634994714375765e-07
2.765988080643128642e-06
1.594165646830916169e-08
2.215952565285500635e-07
4.247392042936161904e-06
2.307903596036399338e-05
1.256046706020364007e-05
5.227067890675894863e-05
7.488029308150194810e-04
4.168968955497841453e-06
4.807832894010899329e-04
1.506121889766444287e-06
4.883675778592814164e-06
8.033604935087801304e-09
9.141792496660869683e-06
3.707697105922201077e-09
8.982346322457013558e-05
1.704334220162161888e-04
5.027399605978810095e-05
2.757111159192782865e-07
5.471232861632172267e-05
1.813952310945689847e-04
5.116278974270584465e-06
3.714078079216712680e-08
1.176266929046350732e-03
1.313499938159056074e-08
2.070943334484438906e-07
2.664237216561639568e-08
3.855643470410872298e-06
3.555890937905563354e-05
3.278270849507355640e-04
1.711271013410273979e-06
4.604335810742453385e-06
8.980402355144999275e-08
2.089383169707559416e-03
2.037167199353134172e-05
1.335258319816301454e-03
6.645161653993976610e-05
